0.000010 0.000010 0.999980
0.673647 0.036568 0.289785
0.669446 0.045873 0.284681
0.000010 0.081158 0.918832
0.761055 0.110328 0.128617
0.246475 0.000010 0.753515
0.842310 0.090008 0.067682
0.985402 0.000010 0.014588
0.449662 0.044356 0.505982
0.676954 0.031203 0.291843
0.677519 0.039810 0.282671
0.401737 0.000010 0.598253
0.789037 0.173877 0.037086
0.665555 0.049200 0.285245
0.411280 0.000010 0.588710
0.639647 0.055540 0.304813
0.817895 0.000010 0.182095
0.845688 0.099031 0.055281
0.770493 0.000010 0.229497
0.921048 0.015347 0.063605
0.591171 0.000010 0.408819
0.804395 0.000010 0.195595
0.634588 0.036575 0.328837
0.731658 0.054149 0.214194
0.892125 0.079502 0.028373
0.865837 0.071069 0.063094
0.934179 0.065811 0.000010
0.843581 0.007464 0.148955
0.574728 0.056065 0.369208
0.624138 0.065552 0.310310
0.797536 0.029861 0.172602
0.736088 0.061092 0.202820
0.855697 0.027383 0.116920
0.758817 0.050392 0.190791
0.807242 0.072667 0.120091
0.984367 0.000010 0.015623
0.716507 0.000010 0.283483
0.870084 0.022269 0.107646
0.584442 0.058898 0.356659
0.875928 0.124062 0.000010
0.855575 0.070129 0.074296
0.553104 0.071975 0.374921
0.717812 0.053294 0.228894
0.958920 0.041070 0.000010
0.928658 0.000010 0.071332
0.793349 0.090046 0.116605
0.943052 0.056938 0.000010
0.754753 0.043186 0.202062
0.703109 0.052818 0.244073
0.894155 0.032439 0.073406
0.976960 0.023030 0.000010
0.874045 0.039990 0.085966
0.766224 0.120542 0.113234
0.914401 0.085589 0.000010
0.835098 0.070941 0.093962
0.923343 0.050866 0.025790
0.938198 0.061792 0.000010
0.719711 0.087869 0.192420
0.791041 0.000010 0.208949
0.713160 0.118799 0.168041
0.919648 0.080342 0.000010
0.890562 0.050439 0.058998
0.944538 0.000010 0.055452
0.949385 0.050605 0.000010
0.944455 0.055535 0.000010
0.947038 0.052952 0.000010
0.828258 0.024291 0.147451
0.955906 0.044084 0.000010
0.916501 0.083489 0.000010
0.917800 0.082190 0.000010
0.868535 0.131455 0.000010
0.962694 0.037296 0.000010
0.954293 0.045697 0.000010
0.973355 0.026635 0.000010
0.845249 0.000010 0.154741
0.831297 0.103227 0.065476
0.999980 0.000010 0.000010
0.958307 0.041683 0.000010
0.999980 0.000010 0.000010
0.701737 0.037581 0.260682
0.660578 0.151333 0.188089
0.944113 0.055877 0.000010
0.888639 0.064084 0.047277
0.811024 0.102905 0.086071
0.952935 0.030287 0.016778
0.920499 0.079491 0.000010
0.876657 0.123333 0.000010
0.623944 0.124131 0.251925
0.628550 0.371440 0.000010
0.911796 0.088194 0.000010
0.903861 0.000010 0.096129
0.981982 0.018008 0.000010
0.968663 0.031327 0.000010
0.786255 0.037223 0.176522
0.703743 0.043788 0.252469
0.007499 0.020877 0.971624
0.680030 0.055784 0.264186
0.999980 0.000010 0.000010
0.877251 0.070393 0.052355
0.926919 0.073071 0.000010
0.876539 0.045621 0.077840
0.877834 0.043804 0.078362
0.999980 0.000010 0.000010
0.994551 0.005439 0.000010
0.952704 0.047286 0.000010
0.606156 0.052265 0.341579
0.806662 0.063806 0.129532
0.831259 0.085739 0.083002
0.821247 0.077782 0.100971
0.712221 0.039752 0.248027
0.521209 0.092817 0.385974
0.681933 0.059517 0.258550
0.464655 0.000010 0.535335
0.879538 0.028028 0.092434
0.775794 0.000010 0.224196
0.851049 0.101207 0.047744
0.950522 0.049468 0.000010
0.806419 0.038702 0.154878
0.798844 0.042191 0.158966
0.851240 0.000010 0.148750
0.693037 0.000010 0.306953
0.915458 0.026082 0.058460
0.613594 0.054328 0.332078
0.350119 0.649871 0.000010
0.000010 0.999980 0.000010
0.855154 0.092973 0.051873
0.539613 0.003292 0.457095
0.432519 0.072341 0.495140
0.623332 0.032680 0.343988
0.902044 0.097946 0.000010
0.810574 0.035929 0.153497
0.591468 0.000010 0.408522
0.577765 0.073160 0.349075
0.619165 0.044615 0.336220
0.639040 0.081546 0.279414
0.311629 0.016820 0.671551
0.670522 0.057928 0.271550
0.444521 0.000010 0.555469
0.613010 0.085882 0.301108
0.889764 0.110226 0.000010
0.831500 0.035529 0.132971
0.869429 0.130561 0.000010
0.874212 0.016672 0.109116
0.953283 0.046707 0.000010
0.967325 0.032665 0.000010
0.969490 0.030500 0.000010
0.974780 0.025210 0.000010
0.974028 0.025962 0.000010
0.834237 0.040720 0.125043
0.919043 0.021979 0.058979
0.794758 0.000010 0.205232
0.756458 0.011168 0.232373
0.684145 0.078341 0.237514
0.761172 0.062916 0.175912
0.518009 0.024883 0.457108
0.982162 0.017828 0.000010
0.887054 0.042703 0.070242
0.764341 0.044232 0.191427
0.999980 0.000010 0.000010
0.952950 0.047040 0.000010
0.809679 0.084644 0.105676
0.613913 0.152296 0.233791
0.849620 0.064403 0.085977
0.802458 0.064263 0.133279
0.785432 0.128502 0.086066
0.872263 0.055426 0.072312
0.693349 0.158305 0.148345
0.910616 0.081849 0.007535
0.935691 0.064299 0.000010
0.881723 0.042893 0.075384
0.955476 0.044514 0.000010
0.969944 0.030046 0.000010
0.433633 0.566357 0.000010
0.848728 0.064002 0.087270
0.945743 0.036337 0.017920
0.885885 0.056991 0.057124
0.928067 0.071923 0.000010
0.925318 0.074672 0.000010
0.901241 0.098749 0.000010
0.921011 0.062184 0.016805
0.959459 0.040531 0.000010
0.964517 0.035473 0.000010
0.934901 0.065089 0.000010
0.703416 0.296574 0.000010
0.972743 0.027247 0.000010
0.931304 0.068686 0.000010
0.846244 0.022527 0.131229
0.907582 0.043669 0.048749
0.850430 0.092216 0.057354
0.859618 0.140372 0.000010
0.821947 0.090074 0.087979
0.967751 0.032239 0.000010
0.975962 0.024028 0.000010
0.999980 0.000010 0.000010
0.987429 0.012561 0.000010
0.831773 0.000010 0.168217
0.954590 0.045400 0.000010
0.920451 0.079539 0.000010
0.916492 0.083498 0.000010
0.965477 0.034513 0.000010
0.791492 0.033625 0.174883
0.850428 0.092763 0.056810
0.963253 0.036737 0.000010
0.938696 0.061294 0.000010
0.974359 0.025631 0.000010
0.938636 0.061354 0.000010
0.931999 0.024613 0.043388
0.955935 0.044055 0.000010
0.863360 0.066886 0.069754
0.904583 0.095407 0.000010
0.985846 0.014144 0.000010
0.947163 0.000010 0.052827
0.999980 0.000010 0.000010
0.975527 0.024463 0.000010
0.843960 0.048226 0.107814
0.488081 0.000010 0.511909
0.815794 0.044181 0.140025
0.954376 0.045614 0.000010
0.918025 0.081965 0.000010
0.918871 0.039209 0.041920
0.913668 0.000010 0.086322
0.970556 0.029434 0.000010
0.586596 0.062063 0.351341
0.980287 0.019703 0.000010
0.961255 0.038735 0.000010
0.926366 0.008265 0.065369
0.882074 0.049696 0.068229
0.942397 0.057593 0.000010
0.669738 0.000010 0.330252
0.893739 0.048964 0.057297
0.538996 0.055757 0.405247
0.621622 0.045477 0.332901
0.898142 0.101848 0.000010
0.579199 0.049557 0.371245
0.447878 0.000010 0.552112
0.798848 0.046153 0.154999
0.798968 0.043060 0.157972
0.324609 0.056385 0.619005
0.000010 0.000010 0.999980
0.569652 0.039629 0.390719
0.637528 0.064803 0.297668
0.894168 0.105822 0.000010
0.898386 0.053557 0.048057
0.967278 0.032712 0.000010
0.907131 0.025896 0.066973
0.948839 0.051151 0.000010
0.919231 0.041854 0.038915
0.972043 0.027947 0.000010
0.918116 0.081874 0.000010
0.935675 0.045091 0.019234
0.967809 0.032181 0.000010
0.798716 0.045541 0.155743
0.972884 0.027106 0.000010
0.959145 0.040845 0.000010
0.999980 0.000010 0.000010
0.983108 0.016882 0.000010
0.941080 0.058910 0.000010
0.716581 0.093304 0.190115
0.909510 0.048107 0.042383
0.943086 0.056904 0.000010
0.891631 0.063638 0.044731
0.943325 0.000010 0.056665
0.912998 0.051411 0.035591
0.913817 0.086173 0.000010
0.810798 0.046755 0.142447
0.770931 0.061796 0.167273
0.795824 0.041711 0.162465
