0.826584 0.173396 0.000010 0.000010
0.198540 0.000010 0.771531 0.029919
0.207807 0.217209 0.534495 0.040489
0.770198 0.167300 0.000010 0.062492
0.063065 0.000010 0.834307 0.102618
0.508163 0.000010 0.486052 0.005774
0.000010 0.137065 0.790213 0.072711
0.000010 0.364411 0.635569 0.000010
0.375603 0.000010 0.581147 0.043240
0.226548 0.585349 0.169852 0.018250
0.118506 0.470869 0.374205 0.036420
0.480447 0.000010 0.519533 0.000010
0.000010 0.205544 0.643979 0.150467
0.229417 0.162345 0.567596 0.040642
0.479417 0.499167 0.021406 0.000010
0.225755 0.082291 0.644087 0.047867
0.082545 0.230341 0.687104 0.000010
0.051551 0.739491 0.137112 0.071846
0.130387 0.222991 0.646612 0.000010
0.000010 0.105194 0.872669 0.022127
0.271134 0.000010 0.715437 0.013419
0.092559 0.311870 0.595561 0.000010
0.236170 0.000010 0.724953 0.038867
0.144123 0.319145 0.486429 0.050303
0.025003 0.335900 0.572842 0.066255
0.026876 0.000010 0.908946 0.064168
0.000010 0.000010 0.928065 0.071915
0.070687 0.000010 0.929293 0.000010
0.245771 0.052389 0.636472 0.065368
0.230512 0.277976 0.437062 0.054450
0.093516 0.074427 0.816418 0.015639
0.147159 0.000010 0.803189 0.049642
0.016502 0.132357 0.827102 0.024039
0.140198 0.000010 0.823259 0.036533
0.070320 0.245595 0.621693 0.062392
0.000010 0.999970 0.000010 0.000010
0.220013 0.000010 0.779967 0.000010
0.071479 0.000010 0.894662 0.033850
0.263482 0.000010 0.681513 0.054995
0.000010 0.000010 0.869865 0.130115
0.000010 0.000010 0.911838 0.088142
0.260662 0.000010 0.661975 0.077353
0.168672 0.232902 0.566141 0.032285
0.000010 0.000010 0.999970 0.000010
0.000010 0.000010 0.999970 0.000010
0.049515 0.454491 0.436612 0.059382
0.000010 0.652159 0.312009 0.035822
0.127275 0.289629 0.561328 0.021768
0.134982 0.000010 0.831291 0.033717
0.012683 0.410001 0.547470 0.029846
0.000010 0.999970 0.000010 0.000010
0.063144 0.184321 0.736727 0.015807
0.083915 0.823659 0.000010 0.092416
0.000010 0.513598 0.416826 0.069565
0.050667 0.617124 0.273802 0.058407
0.023054 0.365137 0.570339 0.041470
0.000010 0.000010 0.932654 0.067326
0.145065 0.000010 0.749571 0.105354
0.108137 0.032800 0.822099 0.036964
0.136917 0.338873 0.408706 0.115505
0.000010 0.630612 0.319468 0.049910
0.022652 0.000010 0.914051 0.063287
0.052628 0.235915 0.711447 0.000010
0.000010 0.490231 0.476773 0.032986
0.000010 0.417609 0.542913 0.039468
0.000010 0.000010 0.962397 0.037583
0.088096 0.000010 0.883210 0.028683
0.000010 0.890529 0.109451 0.000010
0.000010 0.000010 0.932961 0.067019
0.000010 0.999970 0.000010 0.000010
0.000010 0.000010 0.876505 0.123475
0.012958 0.416821 0.549703 0.020518
0.000010 0.993516 0.000010 0.006464
0.000010 0.338941 0.652798 0.008251
0.000010 0.000010 0.999970 0.000010
0.048391 0.199002 0.658012 0.094596
0.000010 0.000010 0.999970 0.000010
0.000010 0.000010 0.959658 0.040322
0.000010 0.000010 0.999970 0.000010
0.205934 0.000010 0.758420 0.035636
0.126711 0.259186 0.482750 0.131353
0.000010 0.359132 0.605016 0.035842
0.027501 0.254112 0.666858 0.051529
0.058005 0.591786 0.273489 0.076720
0.015070 0.108190 0.876730 0.000010
0.000010 0.457164 0.492462 0.050364
0.000010 0.530773 0.371102 0.098115
0.175186 0.004706 0.689814 0.130294
0.000010 0.236850 0.410597 0.352543
0.000010 0.210034 0.720649 0.069307
0.059718 0.849944 0.090328 0.000010
0.000010 0.000010 0.974763 0.025217
0.000010 0.000010 0.995787 0.004193
0.079491 0.000010 0.886701 0.033798
0.180629 0.525845 0.284536 0.008990
0.726631 0.273349 0.000010 0.000010
0.182448 0.086200 0.671263 0.060090
0.000010 0.215021 0.784959 0.000010
0.000010 0.752730 0.203152 0.044108
0.000010 0.281085 0.659479 0.059426
0.034921 0.395348 0.554074 0.015657
0.038189 0.346466 0.573342 0.042003
0.000010 0.314471 0.682884 0.002636
0.000010 0.000010 0.999970 0.000010
0.000010 0.999970 0.000010 0.000010
0.251483 0.000010 0.702833 0.045674
0.074414 0.267259 0.609035 0.049292
0.029958 0.000010 0.882181 0.087851
0.059084 0.452331 0.426219 0.062365
0.149469 0.000010 0.797464 0.053057
0.315555 0.462997 0.174011 0.047436
0.194262 0.000010 0.752759 0.052969
0.413216 0.000010 0.586764 0.000010
0.047980 0.090702 0.833210 0.028109
0.177087 0.300821 0.522083 0.000010
0.000010 0.551961 0.358137 0.089892
0.000010 0.340445 0.629580 0.029964
0.118188 0.036332 0.808906 0.036574
0.084370 0.000010 0.860996 0.054624
0.000010 0.185985 0.813995 0.000010
0.227978 0.000010 0.772002 0.000010
0.000010 0.000010 0.973234 0.026746
0.260563 0.000010 0.692877 0.046549
0.000010 0.400199 0.000010 0.599781
0.000010 0.000010 0.000010 0.999970
0.000010 0.000010 0.917930 0.082050
0.357917 0.638897 0.000010 0.003176
0.397800 0.351349 0.197121 0.053730
0.248721 0.751259 0.000010 0.000010
0.000010 0.000010 0.905895 0.094085
0.092835 0.000010 0.876272 0.030883
0.321207 0.404423 0.274360 0.000010
0.264048 0.337700 0.323780 0.074472
0.260428 0.173335 0.532896 0.033341
0.204251 0.251637 0.494030 0.050082
0.582649 0.360611 0.056730 0.000010
0.187471 0.000010 0.751227 0.061293
0.412548 0.000010 0.587432 0.000010
0.089540 0.000010 0.780864 0.129586
0.000010 0.441393 0.474343 0.084253
0.080362 0.672766 0.245178 0.001694
0.000010 0.729091 0.170698 0.100202
0.071065 0.431800 0.497125 0.000010
0.000010 0.702324 0.265264 0.032402
0.000010 0.999970 0.000010 0.000010
0.000010 0.481095 0.518885 0.000010
0.000010 0.647489 0.346428 0.006072
0.000010 0.331685 0.646999 0.021306
0.105628 0.368081 0.505722 0.020569
0.000010 0.000010 0.999970 0.000010
0.165309 0.456757 0.377924 0.000010
0.000010 0.000010 0.999970 0.000010
0.159832 0.140974 0.602134 0.097060
0.146577 0.000010 0.821695 0.031719
0.330279 0.569187 0.083551 0.016983
0.000010 0.825191 0.174789 0.000010
0.061539 0.375939 0.536827 0.025695
0.086972 0.000010 0.877646 0.035372
0.016493 0.214368 0.769129 0.000010
0.000010 0.843256 0.142154 0.014580
0.069020 0.740116 0.135411 0.055453
0.123331 0.297470 0.426433 0.152766
0.000010 0.112658 0.834457 0.052874
0.000010 0.000010 0.941812 0.058168
0.061372 0.847071 0.000010 0.091547
0.053321 0.918493 0.000010 0.028177
0.112209 0.661578 0.089802 0.136410
0.024950 0.528064 0.364908 0.082079
0.000010 0.493030 0.483351 0.023609
0.034383 0.641936 0.299712 0.023969
0.000010 0.697212 0.279053 0.023725
0.000010 0.214591 0.776550 0.008849
0.000010 0.096268 0.328536 0.575186
0.074237 0.610951 0.273279 0.041533
0.000010 0.260040 0.722805 0.017145
0.000010 0.385835 0.558160 0.055995
0.000010 0.264118 0.666569 0.069303
0.000010 0.465968 0.479219 0.054803
0.000010 0.138032 0.785190 0.076768
0.016220 0.828872 0.154899 0.000010
0.000010 0.980248 0.000010 0.019732
0.000010 0.591066 0.369682 0.039242
0.000010 0.516261 0.438924 0.044805
0.000010 0.677303 0.066575 0.256112
0.000010 0.172336 0.820593 0.007061
0.015372 0.000010 0.918713 0.065906
0.064167 0.000010 0.892098 0.043725
0.020440 0.000010 0.942185 0.037365
0.031284 0.000010 0.876995 0.091711
0.000010 0.188528 0.686067 0.125395
0.067332 0.156718 0.683777 0.092173
0.000010 0.490507 0.500890 0.008593
0.000010 0.549850 0.426796 0.023344
0.000010 0.000010 0.999970 0.000010
0.000010 0.000010 0.983455 0.016525
0.066651 0.000010 0.933329 0.000010
0.000010 0.416887 0.554898 0.028205
0.000010 0.437420 0.497286 0.065284
0.000010 0.431988 0.503630 0.064372
0.000010 0.382841 0.600649 0.016501
0.125254 0.059792 0.783303 0.031651
0.000010 0.000010 0.918629 0.081351
0.000010 0.186072 0.784987 0.028931
0.000010 0.000010 0.955861 0.044119
0.000010 0.410377 0.571390 0.018223
0.000010 0.397198 0.560949 0.041843
0.022163 0.328292 0.617006 0.032539
0.000010 0.000010 0.968658 0.031322
0.027018 0.012037 0.889236 0.071709
0.000010 0.000010 0.902293 0.097687
0.000010 0.619442 0.380538 0.000010
0.000010 0.000010 0.999970 0.000010
0.000010 0.504469 0.495511 0.000010
0.000010 0.000010 0.970543 0.029437
0.000010 0.806679 0.193301 0.000010
0.356090 0.408985 0.234915 0.000010
0.101331 0.527056 0.350012 0.021601
0.000010 0.393941 0.593048 0.013001
0.000010 0.214068 0.718333 0.067589
0.020471 0.000010 0.942126 0.037393
0.032168 0.491584 0.476238 0.000010
0.000010 0.000010 0.982239 0.017741
0.282878 0.067910 0.586805 0.062408
0.000010 0.000010 0.985535 0.014445
0.000010 0.969944 0.000010 0.030036
0.000010 0.245827 0.754153 0.000010
0.040769 0.664848 0.263534 0.030849
0.000010 0.000010 0.966545 0.033435
0.120348 0.361515 0.509725 0.008413
0.000010 0.000010 0.937746 0.062234
0.314017 0.000010 0.631341 0.054632
0.260296 0.614650 0.089049 0.036005
0.000010 0.847817 0.079670 0.072503
0.315533 0.434376 0.210281 0.039810
0.436729 0.000010 0.563251 0.000010
0.096720 0.000010 0.861761 0.041509
0.075519 0.199829 0.709072 0.015580
0.471061 0.000010 0.489787 0.039142
0.948069 0.000010 0.051911 0.000010
0.281105 0.718875 0.000010 0.000010
0.259643 0.606836 0.097232 0.036289
0.000010 0.920636 0.000010 0.079344
0.038464 0.634429 0.302750 0.024358
0.000010 0.000010 0.999970 0.000010
0.039940 0.626040 0.325303 0.008718
0.000010 0.362614 0.612409 0.024967
0.000010 0.584449 0.415531 0.000010
0.000010 0.802463 0.197517 0.000010
0.000010 0.376728 0.580886 0.042376
0.014089 0.379659 0.576885 0.029367
0.000010 0.644171 0.355809 0.000010
0.076358 0.160254 0.726457 0.036931
0.000010 0.999970 0.000010 0.000010
0.000010 0.410546 0.560182 0.029262
0.000010 0.482868 0.517112 0.000010
0.000010 0.999970 0.000010 0.000010
0.000010 0.789830 0.191950 0.018210
0.160525 0.444345 0.300664 0.094466
0.018435 0.257548 0.706350 0.017667
0.000010 0.273647 0.681676 0.044668
0.000010 0.409025 0.528989 0.061976
0.000010 0.999970 0.000010 0.000010
0.037861 0.638347 0.294413 0.029378
0.000010 0.243959 0.695855 0.060176
0.000010 0.999970 0.000010 0.000010
0.120606 0.000010 0.836232 0.043153
0.106847 0.724396 0.150374 0.018383
