0.000010 0.000010 0.321067 0.000010 0.678903
0.018819 0.439377 0.042214 0.481395 0.018196
0.017052 0.670734 0.312194 0.000010 0.000010
0.015136 0.501001 0.077333 0.000010 0.406520
0.099163 0.060366 0.000010 0.782274 0.058186
0.000010 0.000010 0.000010 0.561859 0.438111
0.075916 0.000010 0.120540 0.776052 0.027482
0.000010 0.000010 0.328779 0.644267 0.026934
0.025144 0.312186 0.000010 0.446706 0.215954
0.011201 0.305274 0.580027 0.000010 0.103488
0.002052 0.557558 0.440370 0.000010 0.000010
0.000010 0.000010 0.000010 0.607298 0.392672
0.142174 0.000010 0.234387 0.608643 0.014786
0.049571 0.615981 0.000010 0.334428 0.000010
0.000010 0.849526 0.150444 0.000010 0.000010
0.022718 0.092808 0.074715 0.603855 0.205904
0.000010 0.385685 0.000010 0.614285 0.000010
0.080727 0.100598 0.733376 0.065778 0.019521
0.000010 0.371715 0.204088 0.414879 0.009309
0.019984 0.066343 0.056756 0.856906 0.000010
0.000010 0.916244 0.000010 0.083726 0.000010
0.000010 0.162733 0.233458 0.559636 0.044163
0.022544 0.079425 0.000010 0.710336 0.187686
0.036609 0.025104 0.240700 0.563006 0.134580
0.065363 0.000010 0.317540 0.589286 0.027800
0.066997 0.067119 0.000010 0.852860 0.013014
0.040221 0.071202 0.000010 0.888557 0.000010
0.000010 0.000010 0.000010 0.936873 0.063097
0.037598 0.276929 0.100400 0.420859 0.164214
0.033102 0.336026 0.369219 0.149261 0.112392
0.014482 0.155799 0.080022 0.699608 0.050089
0.054876 0.316513 0.000010 0.608388 0.020213
0.030807 0.246748 0.000010 0.722425 0.000010
0.026202 0.087563 0.000010 0.787239 0.098987
0.048521 0.188274 0.181641 0.544640 0.036923
0.000010 0.000010 0.999960 0.000010 0.000010
0.000012 0.000010 0.000010 0.799228 0.200740
0.030126 0.000010 0.000010 0.900334 0.069520
0.034970 0.106765 0.000010 0.646294 0.211960
0.129178 0.000010 0.000010 0.870792 0.000010
0.049552 0.224400 0.000010 0.726029 0.000010
0.060680 0.000010 0.000010 0.694385 0.244915
0.020950 0.325971 0.274221 0.325730 0.053128
0.000010 0.265037 0.000010 0.734933 0.000010
0.000010 0.260640 0.000010 0.739330 0.000010
0.041834 0.328442 0.558094 0.071620 0.000010
0.000734 0.206535 0.709493 0.083229 0.000010
0.016049 0.306933 0.222301 0.420619 0.034098
0.026201 0.304101 0.000010 0.650293 0.019394
0.000010 0.332152 0.377244 0.290584 0.000010
0.000010 0.000010 0.999960 0.000010 0.000010
0.013158 0.040211 0.155615 0.751945 0.039071
0.095339 0.054274 0.793295 0.000010 0.057081
0.076964 0.000010 0.395683 0.527333 0.000010
0.050461 0.000010 0.517419 0.354254 0.077856
0.042784 0.000010 0.243748 0.689280 0.024178
0.049942 0.000010 0.000010 0.936506 0.013531
0.084733 0.479470 0.024613 0.411174 0.000010
0.000010 0.049453 0.009321 0.803337 0.137879
0.101512 0.196226 0.365944 0.260506 0.075812
0.060468 0.067621 0.608646 0.263256 0.000010
0.060956 0.029330 0.000010 0.909694 0.000010
0.000010 0.291845 0.255624 0.452511 0.000010
0.027239 0.124659 0.477629 0.370463 0.000010
0.044525 0.049395 0.511587 0.394483 0.000010
0.035424 0.000010 0.190679 0.773877 0.000010
0.025711 0.083637 0.000010 0.840069 0.050573
0.000010 0.000010 0.885378 0.114592 0.000010
0.058788 0.053409 0.189602 0.698192 0.000010
0.000010 0.000010 0.999960 0.000010 0.000010
0.119263 0.000010 0.000010 0.858946 0.021771
0.022267 0.029170 0.378118 0.570435 0.000010
0.025766 0.000010 0.974204 0.000010 0.000010
0.013070 0.000010 0.421452 0.565458 0.000010
0.000010 0.324101 0.000010 0.675869 0.000010
0.094284 0.041671 0.071767 0.746420 0.045858
0.000010 0.000010 0.000010 0.999960 0.000010
0.028743 0.157764 0.000010 0.813473 0.000010
0.000010 0.000010 0.000010 0.999960 0.000010
0.032487 0.000010 0.000010 0.799225 0.168268
0.109631 0.000010 0.298604 0.453032 0.138724
0.036510 0.000010 0.362353 0.601117 0.000010
0.025119 0.260320 0.281026 0.433525 0.000010
0.067315 0.000010 0.585567 0.278102 0.069007
0.000010 0.000010 0.113618 0.870995 0.015366
0.048469 0.000010 0.428601 0.522909 0.000010
0.102085 0.000010 0.462771 0.435124 0.000010
0.113777 0.000010 0.000010 0.687045 0.199157
0.357034 0.000010 0.214872 0.428074 0.000010
0.067489 0.000010 0.095831 0.836660 0.000010
0.000010 0.000010 0.798251 0.150118 0.051610
0.023919 0.000010 0.000010 0.976051 0.000010
0.000010 0.000010 0.000010 0.999960 0.000010
0.027913 0.093646 0.000010 0.805495 0.072936
0.000010 0.376649 0.561718 0.000010 0.061613
0.000010 0.000010 0.415163 0.000010 0.584807
0.052811 0.099338 0.000010 0.699699 0.148141
0.000010 0.000010 0.202652 0.797318 0.000010
0.044676 0.000010 0.704444 0.220433 0.030436
0.066608 0.000010 0.265357 0.668015 0.000010
0.011000 0.000010 0.367366 0.578885 0.042740
0.017109 0.362774 0.278301 0.341806 0.000010
0.000010 0.000010 0.246951 0.753019 0.000010
0.000010 0.000010 0.000010 0.999960 0.000010
0.000010 0.000010 0.999960 0.000010 0.000010
0.018957 0.705776 0.000010 0.275247 0.000010
0.046735 0.297035 0.415136 0.241083 0.000010
0.064976 0.223944 0.000010 0.709311 0.001759
0.052230 0.263211 0.429663 0.254885 0.000010
0.040479 0.371691 0.000010 0.587810 0.000010
0.026277 0.000010 0.680935 0.011951 0.280826
0.040066 0.212940 0.000010 0.630943 0.116041
0.000010 0.555656 0.000010 0.282342 0.161982
0.036506 0.234163 0.000010 0.729311 0.000010
0.000010 0.000010 0.000010 0.832427 0.167543
0.057048 0.284779 0.469329 0.188834 0.000010
0.016874 0.171774 0.390071 0.421271 0.000010
0.026411 0.026765 0.043132 0.800388 0.103303
0.030041 0.312601 0.000010 0.651450 0.005898
0.000010 0.000010 0.131627 0.868343 0.000010
0.000010 0.145419 0.000010 0.713663 0.140898
0.028333 0.000010 0.000010 0.921053 0.050594
0.037376 0.000010 0.000010 0.740985 0.221619
0.603115 0.000010 0.396855 0.000010 0.000010
0.999960 0.000010 0.000010 0.000010 0.000010
0.065165 0.089100 0.000010 0.845715 0.000010
0.000010 0.473902 0.413877 0.000010 0.112202
0.037339 0.286414 0.268821 0.152047 0.255379
0.000010 0.101529 0.733782 0.000010 0.164669
0.088543 0.000010 0.000010 0.911427 0.000010
0.021739 0.452345 0.000010 0.525896 0.000010
0.000010 0.000010 0.501258 0.216735 0.281987
0.053398 0.199549 0.275105 0.295665 0.176284
0.029947 0.000010 0.140864 0.603337 0.225843
0.012849 0.000010 0.254038 0.494076 0.239027
0.000010 0.000010 0.103211 0.386543 0.510226
0.046504 0.179188 0.000010 0.646513 0.127784
0.000010 0.999960 0.000010 0.000010 0.000010
0.074591 0.652421 0.000010 0.224301 0.048677
0.086935 0.000010 0.459808 0.453237 0.000010
0.000010 0.145278 0.695747 0.132266 0.026699
0.086825 0.000010 0.758140 0.136013 0.019012
0.000010 0.074536 0.443956 0.421855 0.059644
0.039327 0.000010 0.669644 0.291008 0.000010
0.000010 0.000010 0.999960 0.000010 0.000010
0.000010 0.000010 0.999960 0.000010 0.000010
0.000010 0.000010 0.999960 0.000010 0.000010
0.027622 0.000010 0.380672 0.591686 0.000010
0.000010 0.402070 0.425669 0.172241 0.000010
0.000010 0.273007 0.000010 0.726963 0.000010
0.000010 0.308581 0.505355 0.186044 0.000010
0.003986 0.171727 0.000010 0.824266 0.000010
0.089118 0.476748 0.100377 0.333747 0.000010
0.016668 0.374728 0.000010 0.608584 0.000010
0.004822 0.333333 0.469202 0.000010 0.192633
0.000010 0.040150 0.807642 0.152188 0.000010
0.038392 0.082470 0.354150 0.524978 0.000010
0.020432 0.000010 0.000010 0.831096 0.148452
0.000010 0.000010 0.000010 0.978772 0.021198
0.011066 0.000010 0.827445 0.161469 0.000010
0.049257 0.080316 0.752854 0.054033 0.063541
0.144481 0.114866 0.269592 0.348599 0.122462
0.035907 0.146108 0.186124 0.631850 0.000010
0.050694 0.188224 0.000010 0.761061 0.000010
0.101184 0.000010 0.850189 0.000010 0.048607
0.020747 0.112045 0.867188 0.000010 0.000010
0.115933 0.000010 0.583750 0.157948 0.142358
0.087036 0.096951 0.455535 0.360468 0.000010
0.033192 0.000010 0.412933 0.553855 0.000010
0.024020 0.117796 0.645259 0.198819 0.014106
0.029279 0.000010 0.621040 0.349661 0.000010
0.008773 0.000010 0.210341 0.780866 0.000010
0.575274 0.000010 0.000010 0.424696 0.000010
0.047467 0.095568 0.545067 0.281224 0.030673
0.019110 0.038933 0.316331 0.625616 0.000010
0.050724 0.000010 0.480085 0.426905 0.042276
0.039310 0.304048 0.242854 0.413778 0.000010
0.061311 0.000010 0.430784 0.507885 0.000010
0.086105 0.000010 0.185458 0.728417 0.000010
0.000012 0.000010 0.799961 0.179748 0.020269
0.024624 0.000010 0.975346 0.000010 0.000010
0.030717 0.066365 0.402316 0.500592 0.000010
0.047107 0.000010 0.569920 0.382953 0.000010
0.261909 0.000010 0.621166 0.116905 0.000010
0.002669 0.000010 0.094940 0.902371 0.000010
0.051484 0.047872 0.000010 0.900624 0.000010
0.020119 0.000010 0.000010 0.866654 0.113208
0.006303 0.174718 0.000010 0.818960 0.000010
0.096316 0.000010 0.000010 0.868602 0.035062
0.112400 0.000010 0.281590 0.575141 0.030860
0.091031 0.085089 0.000010 0.787638 0.036232
0.010499 0.071914 0.426146 0.491432 0.000010
0.030881 0.000010 0.462398 0.506701 0.000010
0.000010 0.002407 0.000010 0.997563 0.000010
0.005900 0.000010 0.000010 0.994070 0.000010
0.000010 0.000010 0.000010 0.923424 0.076546
0.026333 0.018717 0.654189 0.300750 0.000010
0.063445 0.042182 0.491704 0.402659 0.000010
0.070338 0.000010 0.473787 0.455855 0.000010
0.017634 0.026815 0.385761 0.569781 0.000010
0.025653 0.281689 0.000010 0.692637 0.000010
0.067044 0.172065 0.000010 0.760871 0.000010
0.029618 0.000010 0.195324 0.775038 0.000010
0.047946 0.000010 0.000010 0.952024 0.000010
0.013487 0.000010 0.347764 0.638730 0.000010
0.043402 0.000010 0.328316 0.628262 0.000010
0.033169 0.092897 0.248125 0.610914 0.014895
0.021522 0.000010 0.000010 0.978448 0.000010
0.074621 0.063354 0.000010 0.862005 0.000010
0.094387 0.000010 0.000010 0.905583 0.000010
0.022893 0.000010 0.359755 0.617333 0.000010
0.000010 0.069299 0.000010 0.930671 0.000010
0.000010 0.000010 0.454570 0.545400 0.000010
0.031642 0.025796 0.000010 0.942542 0.000010
0.000010 0.212710 0.787260 0.000010 0.000010
0.000010 0.284522 0.510973 0.000010 0.204485
0.010558 0.038772 0.739450 0.115174 0.096046
0.017462 0.000010 0.597895 0.384623 0.000010
0.068706 0.000010 0.201508 0.729766 0.000010
0.032031 0.000010 0.000010 0.946449 0.021501
0.000010 0.077098 0.473943 0.405946 0.043003
0.022589 0.000010 0.000010 0.977381 0.000010
0.056638 0.000010 0.015145 0.677820 0.250386
0.014724 0.000010 0.000010 0.985246 0.000010
0.033856 0.000010 0.948042 0.000010 0.018082
0.000010 0.000010 0.255720 0.744250 0.000010
0.024222 0.162788 0.703285 0.109695 0.000010
0.042270 0.000010 0.000010 0.957700 0.000010
0.000010 0.549830 0.446684 0.000010 0.003466
0.050453 0.145535 0.000010 0.803992 0.000010
0.043159 0.784884 0.000010 0.171938 0.000010
0.009302 0.668229 0.322449 0.000010 0.000010
0.080537 0.057431 0.794633 0.067389 0.000010
0.028631 0.681359 0.289990 0.000010 0.000010
0.000010 0.409562 0.000010 0.364796 0.225621
0.034411 0.294377 0.000010 0.671192 0.000010
0.000010 0.637782 0.362188 0.000010 0.000010
0.000010 0.999960 0.000010 0.000010 0.000010
0.000010 0.685277 0.000010 0.000010 0.314693
0.000010 0.000010 0.731543 0.000010 0.268427
0.007592 0.000010 0.490429 0.239701 0.262268
0.089623 0.000010 0.910347 0.000010 0.000010
0.020168 0.103896 0.631237 0.244689 0.000010
0.000010 0.000010 0.000010 0.999960 0.000010
0.008210 0.000010 0.589395 0.360861 0.041523
0.000010 0.272260 0.344065 0.383655 0.000010
0.000010 0.075096 0.776931 0.147953 0.000010
0.000010 0.000010 0.796882 0.203088 0.000010
0.042124 0.000010 0.474968 0.482888 0.000010
0.026922 0.000010 0.440595 0.519600 0.012873
0.000010 0.000010 0.999960 0.000010 0.000010
0.037088 0.073877 0.087254 0.745409 0.056373
0.000010 0.000010 0.999960 0.000010 0.000010
0.029001 0.000010 0.387325 0.583654 0.000010
0.009253 0.000010 0.499178 0.491549 0.000010
0.000010 0.000010 0.999960 0.000010 0.000010
0.000010 0.000010 0.999960 0.000010 0.000010
0.087651 0.397340 0.514989 0.000010 0.000010
0.012172 0.000010 0.308702 0.653317 0.025800
0.052562 0.000010 0.184068 0.763351 0.000010
0.060243 0.113971 0.300789 0.524987 0.000010
0.000010 0.156808 0.843162 0.000010 0.000010
0.033527 0.000010 0.619163 0.316881 0.030419
0.066273 0.000010 0.286330 0.647377 0.000010
0.000010 0.141758 0.858212 0.000010 0.000010
0.000010 0.653952 0.000010 0.346018 0.000010
0.020376 0.087611 0.626762 0.186476 0.078776
