0.203683 0.441245 0.017798 0.000010 0.337264
0.044077 0.000010 0.038733 0.000833 0.916348
0.072686 0.217388 0.000010 0.056557 0.653359
0.198886 0.043890 0.020783 0.055712 0.680728
0.033052 0.000010 0.020413 0.076673 0.869852
0.141006 0.000010 0.019488 0.003066 0.836430
0.037692 0.263495 0.035828 0.017695 0.645290
0.034778 0.423577 0.000498 0.062389 0.478759
0.070921 0.000010 0.015889 0.092179 0.821001
0.064121 0.632878 0.013456 0.015030 0.274515
0.070141 0.383629 0.017133 0.045112 0.483985
0.089390 0.000010 0.042926 0.022980 0.844693
0.031429 0.379916 0.033755 0.068552 0.486348
0.053580 0.116280 0.022000 0.021393 0.786748
0.100002 0.356581 0.019699 0.010613 0.513106
0.055991 0.015290 0.065476 0.022680 0.840564
0.013998 0.000010 0.000010 0.078582 0.907400
0.000010 0.527220 0.024390 0.099156 0.349224
0.029666 0.192707 0.014796 0.026830 0.736002
0.000010 0.000010 0.030113 0.000010 0.969857
0.070716 0.000010 0.028263 0.035330 0.865681
0.037256 0.314904 0.007315 0.000010 0.640515
0.060999 0.000010 0.000010 0.098116 0.840865
0.022933 0.241339 0.061874 0.054168 0.619687
0.004397 0.412742 0.049306 0.025205 0.508351
0.000010 0.000010 0.007581 0.042537 0.949862
0.014685 0.000010 0.008605 0.070721 0.905979
0.000010 0.000010 0.020000 0.064066 0.915914
0.064537 0.329960 0.054005 0.004019 0.547479
0.047674 0.380917 0.041656 0.073423 0.456330
0.016399 0.067529 0.028377 0.018256 0.869438
0.032497 0.000010 0.029437 0.056092 0.881964
0.015405 0.000010 0.014006 0.070265 0.900314
0.037283 0.000010 0.000010 0.122269 0.840428
0.019899 0.161512 0.036105 0.094661 0.687824
0.000010 0.999960 0.000010 0.000010 0.000010
0.050050 0.000010 0.045814 0.000010 0.904116
0.026922 0.000010 0.040166 0.000010 0.932892
0.076506 0.000010 0.000010 0.112147 0.811328
0.000010 0.000010 0.000010 0.222833 0.777137
0.000010 0.000010 0.000010 0.142418 0.857552
0.915907 0.082043 0.002029 0.000010 0.000010
0.854672 0.000010 0.000010 0.000010 0.145298
0.801259 0.000010 0.037148 0.000010 0.161574
0.879069 0.120901 0.000010 0.000010 0.000010
0.070441 0.000010 0.005872 0.123445 0.800232
0.052034 0.291406 0.002223 0.050175 0.604162
0.019124 0.000010 0.000010 0.051932 0.928925
0.028964 0.000010 0.013392 0.055727 0.901907
0.036032 0.470575 0.000010 0.055566 0.437817
0.000010 0.558398 0.012899 0.000010 0.428683
0.026755 0.232543 0.022929 0.032093 0.685679
0.029278 0.000010 0.031334 0.049110 0.890269
0.009051 0.196106 0.000010 0.074757 0.720076
0.000010 0.999960 0.000010 0.000010 0.000010
0.013049 0.150816 0.029734 0.000010 0.806391
0.017077 0.907153 0.049236 0.026525 0.000010
0.000010 0.413739 0.019652 0.122510 0.444089
0.000010 0.609557 0.047202 0.050598 0.292633
0.000010 0.196885 0.054874 0.000010 0.748221
0.000010 0.000010 0.000010 0.130363 0.869607
0.020319 0.004494 0.096645 0.034124 0.844418
0.000010 0.029313 0.108478 0.030751 0.831448
0.000010 0.153843 0.173940 0.038616 0.633591
0.000010 0.676729 0.017539 0.071197 0.234525
0.005019 0.000010 0.030674 0.020138 0.944159
0.015191 0.202166 0.000010 0.009191 0.773443
0.000010 0.479481 0.023850 0.041057 0.455602
0.000010 0.435820 0.024533 0.018000 0.521637
0.000010 0.000010 0.040128 0.000010 0.959842
0.000010 0.000010 0.092599 0.000010 0.907371
0.000010 0.878960 0.000010 0.051956 0.069064
0.000010 0.145492 0.000010 0.150005 0.704484
0.000010 0.942300 0.000010 0.057670 0.000010
0.000010 0.000010 0.033315 0.143881 0.822785
0.000010 0.433413 0.023995 0.000010 0.542571
0.000010 0.909449 0.000010 0.090521 0.000010
0.000010 0.486281 0.007879 0.029606 0.476224
0.012006 0.000010 0.005049 0.053972 0.928963
0.015218 0.146046 0.056063 0.062307 0.720365
0.000010 0.000010 0.018895 0.035551 0.945534
0.000010 0.000010 0.047818 0.000010 0.952152
0.000010 0.000010 0.012537 0.000010 0.987433
0.483445 0.105565 0.122440 0.042379 0.246171
0.040390 0.000010 0.024745 0.040980 0.893876
0.030667 0.454248 0.069628 0.118436 0.327020
0.000010 0.350282 0.013666 0.036967 0.599074
0.028253 0.265568 0.001670 0.043240 0.661269
0.000010 0.695270 0.060385 0.078372 0.165963
0.000010 0.000010 0.000010 0.101218 0.898752
0.000010 0.491659 0.000010 0.115122 0.393199
0.000010 0.609577 0.046343 0.057744 0.286325
0.045309 0.073479 0.124415 0.043179 0.713619
0.000010 0.594890 0.157692 0.054191 0.193218
0.000010 0.185749 0.047078 0.046482 0.720681
0.017081 0.797675 0.000010 0.000010 0.185225
0.004496 0.000010 0.014586 0.000010 0.980898
0.000010 0.000010 0.033893 0.000010 0.966077
0.024725 0.000010 0.003396 0.039219 0.932650
0.052542 0.604964 0.000010 0.086458 0.256026
0.183270 0.504888 0.018153 0.049800 0.243888
0.041916 0.068184 0.049323 0.076923 0.763653
0.000010 0.251599 0.035692 0.042253 0.670446
0.000010 0.783901 0.000010 0.085861 0.130219
0.004489 0.276674 0.012334 0.094528 0.611975
0.004103 0.342252 0.017454 0.089169 0.547023
0.015254 0.319798 0.036921 0.000010 0.628017
0.000010 0.259697 0.009879 0.000010 0.730404
0.000010 0.000010 0.000190 0.035514 0.964276
0.000010 0.999485 0.000485 0.000010 0.000010
0.062394 0.000010 0.019388 0.013313 0.904895
0.030308 0.296322 0.033159 0.027005 0.613206
0.000010 0.000010 0.034524 0.168009 0.797447
0.015411 0.392107 0.029866 0.067273 0.495342
0.056076 0.000010 0.000010 0.052852 0.891052
0.065415 0.407008 0.035247 0.035855 0.456476
0.073260 0.000010 0.000010 0.050193 0.876527
0.079987 0.000010 0.035648 0.000010 0.884346
0.000010 0.000010 0.043701 0.000010 0.956269
0.028252 0.000010 0.036038 0.000010 0.935690
0.000010 0.464701 0.000010 0.250853 0.284427
0.008155 0.365416 0.000010 0.084169 0.542250
0.021649 0.024740 0.013767 0.097229 0.842616
0.022893 0.000010 0.010171 0.064962 0.901964
0.033724 0.318585 0.000010 0.000010 0.647671
0.060268 0.000010 0.014491 0.000010 0.925221
0.000010 0.000010 0.022056 0.056569 0.921354
0.064079 0.000010 0.010851 0.060744 0.864315
0.000010 0.751580 0.248390 0.000010 0.000010
0.000010 0.512379 0.487591 0.000010 0.000010
0.035588 0.000010 0.000010 0.084744 0.879648
0.080479 0.455299 0.027644 0.010051 0.426527
0.092439 0.276344 0.062456 0.004197 0.564564
0.071449 0.920193 0.000010 0.008338 0.000010
0.000010 0.000010 0.000010 0.159293 0.840677
0.032831 0.000010 0.023720 0.015489 0.927949
0.048800 0.299682 0.044397 0.021772 0.585349
0.057591 0.429114 0.030586 0.090612 0.392098
0.063309 0.203560 0.030280 0.019917 0.682934
0.046749 0.281753 0.058388 0.032942 0.580168
0.128716 0.237119 0.032161 0.009426 0.592578
0.051757 0.000010 0.000010 0.105045 0.843178
0.092880 0.000010 0.032578 0.000010 0.874522
0.000010 0.000010 0.000010 0.373989 0.625981
0.000010 0.305431 0.000010 0.057986 0.636563
0.001861 0.567201 0.053860 0.000010 0.377068
0.000010 0.780819 0.032535 0.112011 0.074625
0.011142 0.265833 0.043139 0.000010 0.679876
0.000010 0.557827 0.005308 0.061852 0.375003
0.000010 0.999960 0.000010 0.000010 0.000010
0.000010 0.970979 0.028991 0.000010 0.000010
0.000010 0.967369 0.032601 0.000010 0.000010
0.000010 0.236140 0.006947 0.040918 0.715985
0.426675 0.000010 0.000010 0.056650 0.516655
0.022739 0.391362 0.037267 0.014096 0.534535
0.007097 0.000010 0.000010 0.079182 0.913701
0.031432 0.396790 0.008307 0.003259 0.560213
0.026607 0.000010 0.000010 0.079739 0.893634
0.411873 0.588097 0.000010 0.000010 0.000010
0.486665 0.459030 0.000010 0.054286 0.000010
0.033948 0.121429 0.056936 0.000010 0.787677
0.565193 0.428900 0.005887 0.000010 0.000010
0.834595 0.157214 0.008171 0.000010 0.000010
0.943830 0.000010 0.000010 0.000010 0.056140
0.999955 0.000015 0.000010 0.000010 0.000010
0.812053 0.107124 0.000010 0.080803 0.000010
0.729184 0.000010 0.027695 0.056153 0.186958
0.836275 0.163695 0.000010 0.000010 0.000010
0.367620 0.124385 0.062767 0.000010 0.445219
0.761873 0.000010 0.000010 0.000010 0.238097
0.928344 0.071626 0.000010 0.000010 0.000010
0.670207 0.000010 0.000010 0.097884 0.231889
0.041637 0.000010 0.019815 0.000010 0.938528
0.098418 0.873875 0.017493 0.010204 0.000010
0.285209 0.000010 0.000010 0.072336 0.642435
0.000010 0.732978 0.015437 0.000010 0.251565
0.013425 0.375423 0.013560 0.053750 0.543841
0.008274 0.000010 0.041271 0.050761 0.899684
0.000010 0.000010 0.026819 0.000010 0.973151
0.000010 0.845505 0.000010 0.037286 0.117189
0.023276 0.753316 0.035534 0.000030 0.187844
0.003794 0.523033 0.174286 0.042806 0.256080
0.002796 0.192305 0.028554 0.039148 0.737196
0.000010 0.000010 0.000010 0.209845 0.790125
0.000010 0.858344 0.067363 0.074273 0.000010
0.000328 0.873230 0.005951 0.120481 0.000010
0.021044 0.707932 0.088347 0.094649 0.088028
0.000010 0.423270 0.114176 0.015954 0.446590
0.000010 0.407893 0.020180 0.007834 0.564082
0.000010 0.691587 0.029117 0.000010 0.279275
0.000010 0.644655 0.000010 0.025314 0.330011
0.000010 0.236497 0.024880 0.000010 0.738604
0.000010 0.000010 0.000010 0.999960 0.000010
0.000010 0.000010 0.999960 0.000010 0.000010
0.017117 0.656560 0.036583 0.036792 0.252948
0.000010 0.257896 0.020225 0.072124 0.649745
0.000010 0.560751 0.000010 0.098052 0.341177
0.000907 0.183395 0.006094 0.093505 0.716099
0.000010 0.529827 0.000010 0.017158 0.452996
0.000010 0.155402 0.007669 0.088337 0.748582
0.000010 0.894672 0.032386 0.072922 0.000010
0.000010 0.950363 0.000010 0.049607 0.000010
0.000010 0.585142 0.000010 0.110279 0.304558
0.000010 0.536290 0.013942 0.054297 0.395461
0.000010 0.461832 0.000010 0.538138 0.000010
0.000010 0.184828 0.000010 0.067069 0.748082
0.000010 0.000010 0.000010 0.126471 0.873499
0.000010 0.000010 0.100689 0.000010 0.899281
0.000010 0.000010 0.035964 0.037397 0.926618
0.000010 0.000010 0.115937 0.000010 0.884033
0.000010 0.345403 0.089621 0.021046 0.543919
0.000010 0.000010 0.101881 0.000010 0.898089
0.000010 0.391059 0.027856 0.027944 0.553131
0.000010 0.403161 0.017066 0.052074 0.527689
0.000010 0.000010 0.000010 0.000010 0.999960
0.000010 0.000010 0.004821 0.000010 0.995149
0.022097 0.000010 0.027218 0.000010 0.950665
0.000010 0.474721 0.000010 0.000010 0.525249
0.000010 0.471465 0.034462 0.046682 0.447382
0.000010 0.337296 0.042124 0.028604 0.591965
0.000010 0.408160 0.010792 0.048453 0.532584
0.041770 0.000010 0.024948 0.000010 0.933262
0.000010 0.000010 0.029770 0.114514 0.855696
0.000010 0.000010 0.038488 0.001828 0.959664
0.000010 0.000010 0.030099 0.057393 0.912487
0.000010 0.301602 0.000010 0.057256 0.641123
0.000010 0.287192 0.010158 0.055361 0.647278
0.000010 0.207235 0.030528 0.001524 0.760702
0.000010 0.000010 0.000010 0.052101 0.947869
0.009159 0.062611 0.039409 0.000010 0.888811
0.000010 0.000010 0.024246 0.148122 0.827612
0.000010 0.389575 0.000010 0.000010 0.610395
0.000010 0.000010 0.009815 0.033466 0.956698
0.000010 0.483343 0.014420 0.000010 0.502217
0.000010 0.000010 0.043496 0.000010 0.956474
0.000010 0.805406 0.002373 0.057976 0.134234
0.121417 0.278899 0.006025 0.034368 0.559291
0.017423 0.691956 0.029315 0.041233 0.220072
0.000010 0.507400 0.021210 0.006446 0.464933
0.000010 0.322986 0.000010 0.190523 0.486471
0.011411 0.000010 0.058732 0.000010 0.929837
0.014894 0.539637 0.021752 0.000010 0.423707
0.000010 0.000010 0.000010 0.047314 0.952656
0.052564 0.043908 0.068761 0.000010 0.834757
0.000010 0.000010 0.000010 0.000010 0.999960
0.000010 0.965848 0.034122 0.000010 0.000010
0.000010 0.294613 0.027859 0.019554 0.657964
0.011188 0.702530 0.035800 0.000010 0.250472
0.000010 0.000010 0.000010 0.072847 0.927123
0.070564 0.386325 0.000010 0.053733 0.489367
0.023122 0.000010 0.038768 0.031388 0.906712
0.081933 0.000010 0.011576 0.000010 0.906471
0.076698 0.420862 0.000010 0.058183 0.444247
0.000010 0.838531 0.000010 0.113614 0.047834
0.070449 0.330435 0.016251 0.000010 0.582855
0.103789 0.000010 0.026636 0.000010 0.869555
0.026891 0.000010 0.000010 0.047163 0.925926
0.067746 0.338172 0.000010 0.080030 0.514042
0.128255 0.000010 0.042068 0.000010 0.829656
0.242728 0.000010 0.000010 0.079724 0.677527
0.198852 0.000010 0.051006 0.000010 0.750122
0.464589 0.535381 0.000010 0.000010 0.000010
0.089232 0.854535 0.000010 0.056213 0.000010
0.050743 0.504356 0.055562 0.041415 0.347924
0.000010 0.865259 0.000010 0.134711 0.000010
0.000010 0.589687 0.021162 0.049464 0.339676
0.000010 0.000010 0.000010 0.069250 0.930720
0.003196 0.584802 0.000024 0.056427 0.355551
0.000010 0.349086 0.023167 0.000010 0.627727
0.000010 0.613221 0.000010 0.000010 0.386749
0.000010 0.823116 0.000010 0.054020 0.122844
0.000010 0.000010 0.999960 0.000010 0.000010
0.000010 0.533639 0.036636 0.062924 0.366791
0.004298 0.489220 0.005018 0.038199 0.463265
0.000010 0.999960 0.000010 0.000010 0.000010
0.000010 0.269460 0.045802 0.086926 0.597803
0.000010 0.999960 0.000010 0.000010 0.000010
0.000010 0.484784 0.017230 0.000010 0.497966
0.000010 0.441537 0.014390 0.000010 0.544053
0.000010 0.976335 0.023635 0.000010 0.000010
0.000010 0.963466 0.000010 0.036504 0.000010
0.036906 0.503845 0.080952 0.045950 0.332347
0.009011 0.269837 0.002746 0.049557 0.668849
0.000010 0.232403 0.002108 0.087602 0.677878
0.000010 0.302549 0.058341 0.052263 0.586837
0.000010 0.984308 0.015662 0.000010 0.000010
0.004365 0.966521 0.029094 0.000010 0.000010
0.879998 0.092816 0.000010 0.027165 0.000010
0.342412 0.140617 0.000010 0.000010 0.516951
0.747649 0.000010 0.000010 0.000010 0.252321
0.948819 0.016896 0.000010 0.000010 0.034265
0.511798 0.120981 0.000010 0.000010 0.367201
0.883522 0.116448 0.000010 0.000010 0.000010
0.000010 0.291552 0.012612 0.054468 0.641358
0.027149 0.913671 0.000010 0.059161 0.000010
0.032174 0.000010 0.015785 0.055042 0.896989
0.018778 0.735150 0.029792 0.000010 0.216270
