0.015533 0.564071 0.220269 0.200127
0.025632 0.000010 0.926939 0.047419
0.000010 0.268310 0.656259 0.075421
0.027631 0.076377 0.696736 0.199257
0.029008 0.000010 0.936418 0.034564
0.015597 0.000010 0.847796 0.136597
0.025802 0.206349 0.730218 0.037632
0.000665 0.418527 0.543273 0.037535
0.030850 0.000010 0.892945 0.076194
0.012742 0.568010 0.353070 0.066179
0.016884 0.366791 0.543312 0.073014
0.039877 0.000010 0.869212 0.090901
0.041010 0.349166 0.576586 0.033238
0.015736 0.228375 0.701805 0.054084
0.004977 0.448890 0.443000 0.103133
0.063087 0.060024 0.818838 0.058051
0.007073 0.000010 0.973936 0.018981
0.046802 0.724789 0.228400 0.000010
0.010826 0.196782 0.763108 0.029284
0.024943 0.000010 0.975037 0.000010
0.026986 0.000010 0.900602 0.072402
0.000010 0.306298 0.656654 0.037039
0.010924 0.000010 0.927976 0.061090
0.063113 0.367702 0.542584 0.026601
0.047702 0.470507 0.480144 0.001647
0.021113 0.000010 0.977515 0.001362
0.013656 0.074826 0.890860 0.020658
0.024213 0.000010 0.970448 0.005328
0.049745 0.091619 0.794257 0.064380
0.052370 0.345841 0.551976 0.049813
0.024017 0.075476 0.883021 0.017486
0.030407 0.000010 0.936350 0.033233
0.027712 0.000010 0.956425 0.015853
0.007657 0.000010 0.948718 0.043615
0.048222 0.195030 0.731717 0.025031
0.000010 0.999970 0.000010 0.000010
0.039576 0.000010 0.910803 0.049610
0.029959 0.000010 0.943156 0.026876
0.009860 0.000010 0.908556 0.081574
0.041292 0.109391 0.837110 0.012207
0.010679 0.049791 0.923292 0.016238
0.000010 0.074980 0.000010 0.925000
0.000010 0.000010 0.141199 0.858781
0.031138 0.000010 0.162165 0.806687
0.000010 0.118277 0.000010 0.881703
0.036872 0.000010 0.890404 0.072715
0.005269 0.241889 0.700275 0.052567
0.000841 0.000010 0.977334 0.021815
0.015980 0.000010 0.958391 0.025619
0.000010 0.455615 0.506476 0.037899
0.009158 0.487170 0.502201 0.001472
0.017681 0.322153 0.631648 0.028518
0.031062 0.000010 0.937147 0.031781
0.000010 0.332379 0.656310 0.011301
0.000010 0.999970 0.000010 0.000010
0.024659 0.300777 0.661221 0.013343
0.043972 0.937102 0.000010 0.018916
0.047054 0.368881 0.584055 0.000010
0.045274 0.559593 0.392018 0.003114
0.043226 0.247866 0.705266 0.003642
0.012521 0.000010 0.987459 0.000010
0.097905 0.011763 0.871265 0.019068
0.105116 0.006462 0.888413 0.000010
0.176691 0.096242 0.727057 0.000010
0.022042 0.727741 0.250208 0.000010
0.023592 0.192677 0.778126 0.005606
0.000010 0.000010 0.989315 0.010665
0.023830 0.377955 0.593261 0.004954
0.021373 0.385183 0.593435 0.000010
0.030526 0.000010 0.969454 0.000010
0.083900 0.000010 0.914560 0.001530
0.000010 0.870342 0.129638 0.000010
0.035563 0.000010 0.964417 0.000010
0.001511 0.998469 0.000010 0.000010
0.064245 0.000010 0.935735 0.000010
0.018651 0.559735 0.421604 0.000010
0.021968 0.978012 0.000010 0.000010
0.004177 0.371885 0.622585 0.001353
0.007681 0.000010 0.977552 0.014757
0.059969 0.133981 0.788229 0.017821
0.015771 0.000010 0.984209 0.000010
0.038413 0.000010 0.961567 0.000010
0.003553 0.000010 0.996427 0.000010
0.128737 0.141106 0.242403 0.487754
0.022469 0.000010 0.935989 0.041533
0.090082 0.385025 0.488151 0.036742
0.011842 0.316870 0.671279 0.000010
0.000010 0.164262 0.804582 0.031146
0.065724 0.724192 0.210074 0.000010
0.000010 0.000010 0.992716 0.007264
0.020332 0.475067 0.504591 0.000010
0.047061 0.756322 0.196607 0.000010
0.126788 0.118409 0.707737 0.047066
0.166667 0.566403 0.266920 0.000010
0.051374 0.282294 0.666323 0.000010
0.000010 0.819212 0.163327 0.017451
0.000010 0.231806 0.762295 0.005890
0.028001 0.000010 0.971979 0.000010
0.000280 0.000010 0.976836 0.022874
0.000606 0.581925 0.357745 0.059724
0.024885 0.461673 0.327492 0.185951
0.056190 0.015958 0.883263 0.044589
0.033066 0.308438 0.658486 0.000010
0.009195 0.714608 0.276187 0.000010
0.024712 0.405052 0.563356 0.006881
0.029074 0.372209 0.594791 0.003927
0.034829 0.000010 0.954006 0.011155
0.009556 0.294792 0.695641 0.000010
0.000010 0.000010 0.999970 0.000010
0.000010 0.999970 0.000010 0.000010
0.016415 0.000010 0.921686 0.061889
0.030009 0.252242 0.686709 0.031039
0.065128 0.000010 0.924781 0.010081
0.035445 0.384875 0.558947 0.020733
0.000010 0.000010 0.941275 0.058705
0.034346 0.351801 0.546039 0.067813
0.000010 0.000010 0.924206 0.075774
0.028405 0.000010 0.891502 0.080083
0.039871 0.000010 0.960109 0.000010
0.024749 0.000010 0.944602 0.030639
0.030126 0.506972 0.429269 0.033633
0.000010 0.211682 0.782881 0.005427
0.026329 0.068095 0.882155 0.023421
0.018139 0.000010 0.958843 0.023008
0.000010 0.367279 0.599693 0.033019
0.005994 0.000010 0.929967 0.064028
0.024007 0.000010 0.975973 0.000010
0.017358 0.000010 0.918509 0.064123
0.240807 0.759173 0.000010 0.000010
0.485062 0.514918 0.000010 0.000010
0.004127 0.000010 0.952337 0.043527
0.020850 0.516018 0.382850 0.080282
0.055945 0.300714 0.549704 0.093637
0.000010 0.931776 0.000010 0.068204
0.032613 0.000010 0.953046 0.014331
0.017334 0.000010 0.956535 0.026120
0.041320 0.324026 0.584434 0.050220
0.043969 0.467267 0.428422 0.060342
0.024098 0.157043 0.754082 0.064776
0.058492 0.272892 0.620543 0.048073
0.023520 0.326519 0.519293 0.130668
0.002984 0.110415 0.828323 0.058278
0.023493 0.000010 0.883996 0.092502
0.078743 0.000010 0.877866 0.043380
0.004881 0.341859 0.653250 0.000010
0.050962 0.546408 0.399243 0.003387
0.058014 0.731838 0.210138 0.000010
0.030153 0.383574 0.579267 0.007006
0.010756 0.628296 0.360937 0.000010
0.000010 0.999970 0.000010 0.000010
0.027282 0.639888 0.332820 0.000010
0.028062 0.969044 0.002884 0.000010
0.006098 0.219841 0.774052 0.000010
0.005542 0.107696 0.458388 0.428374
0.033456 0.395078 0.549733 0.021733
0.000010 0.000010 0.992846 0.007134
0.000969 0.377529 0.589162 0.032340
0.000010 0.000010 0.974004 0.025976
0.000010 0.588360 0.000010 0.411620
0.000010 0.509257 0.000010 0.490723
0.047919 0.124480 0.791898 0.035703
0.002588 0.429543 0.000010 0.567859
0.000010 0.158470 0.000010 0.841510
0.000010 0.000010 0.050819 0.949161
0.000010 0.000010 0.000010 0.999970
0.000010 0.142662 0.030450 0.826878
0.032653 0.000010 0.229035 0.738302
0.000010 0.158918 0.000010 0.841062
0.056166 0.059582 0.514851 0.369400
0.000010 0.000010 0.233503 0.766477
0.000010 0.068876 0.000010 0.931104
0.016204 0.000010 0.305847 0.677939
0.009650 0.000010 0.946957 0.043383
0.003973 0.793729 0.100844 0.101455
0.012578 0.000010 0.698606 0.288807
0.010229 0.738994 0.250768 0.000010
0.021218 0.346791 0.617687 0.014304
0.024229 0.000010 0.969448 0.006313
0.006524 0.000010 0.993456 0.000010
0.000010 0.856617 0.143363 0.000010
0.025201 0.679857 0.269077 0.025864
0.161938 0.442565 0.375546 0.019952
0.027564 0.157633 0.814793 0.000010
0.027353 0.000010 0.972627 0.000010
0.077000 0.921162 0.000010 0.001829
0.026081 0.765974 0.188112 0.019833
0.093535 0.740630 0.135972 0.029864
0.110365 0.463301 0.426324 0.000010
0.012225 0.406589 0.581175 0.000010
0.025014 0.660268 0.314707 0.000010
0.000010 0.644736 0.355244 0.000010
0.020236 0.211317 0.768437 0.000010
0.272027 0.727953 0.000010 0.000010
0.999970 0.000010 0.000010 0.000010
0.036813 0.821266 0.123140 0.018782
0.026306 0.242393 0.731291 0.000010
0.002935 0.644243 0.352812 0.000010
0.012657 0.272300 0.701240 0.013804
0.000010 0.556846 0.443134 0.000010
0.015216 0.109125 0.875650 0.000010
0.038123 0.961857 0.000010 0.000010
0.000010 0.752636 0.247344 0.000010
0.011107 0.650696 0.338187 0.000010
0.021060 0.300146 0.678784 0.000010
0.062698 0.803005 0.134287 0.000010
0.000010 0.302439 0.697541 0.000010
0.000010 0.456658 0.543322 0.000010
0.093580 0.000010 0.906400 0.000010
0.038599 0.000010 0.961381 0.000010
0.109985 0.000010 0.889995 0.000010
0.084852 0.361384 0.553754 0.000010
0.095131 0.000010 0.904849 0.000010
0.027467 0.419462 0.553061 0.000010
0.025881 0.396638 0.577471 0.000010
0.000010 0.000010 0.999970 0.000010
0.000010 0.000010 0.999970 0.000010
0.018749 0.000010 0.961229 0.020012
0.000010 0.383705 0.616275 0.000010
0.038068 0.554542 0.407380 0.000010
0.045278 0.327402 0.627310 0.000010
0.011749 0.349367 0.638874 0.000010
0.016570 0.000010 0.942242 0.041178
0.046852 0.000010 0.947831 0.005306
0.031256 0.079588 0.889146 0.000010
0.040871 0.000010 0.959109 0.000010
0.000010 0.384502 0.615478 0.000010
0.009516 0.448687 0.541787 0.000010
0.022980 0.224485 0.752525 0.000010
0.000010 0.000010 0.999970 0.000010
0.032705 0.087767 0.870255 0.009273
0.050569 0.344126 0.605295 0.000010
0.000010 0.552285 0.447695 0.000010
0.011824 0.000010 0.988156 0.000010
0.003528 0.591546 0.404916 0.000010
0.038033 0.000010 0.961947 0.000010
0.003346 0.782454 0.211459 0.002742
0.000010 0.150321 0.723184 0.126485
0.030833 0.582421 0.367591 0.019155
0.016171 0.326753 0.657065 0.000010
0.029544 0.298503 0.671942 0.000010
0.044509 0.000010 0.939944 0.015536
0.015203 0.377667 0.592571 0.014559
0.000010 0.000010 0.999970 0.000010
0.058999 0.023889 0.862086 0.055026
0.000010 0.000010 0.999970 0.000010
0.002565 0.997415 0.000010 0.000010
0.020853 0.281453 0.697684 0.000010
0.029194 0.641031 0.318588 0.011186
0.000011 0.000010 0.999969 0.000010
0.000010 0.298028 0.627988 0.073974
0.035904 0.000010 0.940638 0.023448
0.004754 0.000010 0.914539 0.080697
0.000010 0.553850 0.366954 0.079186
0.007264 0.881239 0.108873 0.002624
0.011590 0.309677 0.607902 0.070831
0.020123 0.000010 0.875200 0.104667
0.000010 0.000010 0.972695 0.027285
0.003449 0.219616 0.704575 0.072359
0.035747 0.000010 0.838221 0.126022
0.020138 0.000010 0.738005 0.241847
0.050328 0.000010 0.751060 0.198603
0.000010 0.530747 0.000010 0.469233
0.000010 0.910060 0.000010 0.089920
0.056821 0.446248 0.443932 0.052999
0.022684 0.977296 0.000010 0.000010
0.017394 0.670895 0.311702 0.000010
0.000010 0.000010 0.999970 0.000010
0.000010 0.599968 0.396278 0.003744
0.018234 0.374972 0.606211 0.000584
0.000010 0.421716 0.578264 0.000010
0.000010 0.814699 0.185281 0.000010
0.999970 0.000010 0.000010 0.000010
0.039631 0.467886 0.490619 0.001864
0.003632 0.404038 0.585555 0.006775
0.000010 0.596811 0.403169 0.000010
0.054030 0.285604 0.657120 0.003245
0.000010 0.999970 0.000010 0.000010
0.009099 0.323574 0.667318 0.000010
0.007022 0.334150 0.658818 0.000010
0.019181 0.980799 0.000010 0.000010
0.000010 0.643587 0.350858 0.005545
0.085316 0.436311 0.438669 0.039705
0.001240 0.206203 0.783309 0.009249
0.015168 0.386133 0.598689 0.000010
0.061518 0.380838 0.557633 0.000010
0.000010 0.999970 0.000010 0.000010
0.003465 0.993113 0.000010 0.003412
0.000010 0.113519 0.000010 0.886461
0.000010 0.172012 0.486287 0.341691
0.000010 0.000010 0.249566 0.750414
0.000010 0.000010 0.046706 0.953274
0.000010 0.185959 0.303328 0.510703
0.000010 0.112719 0.000010 0.887261
0.020450 0.250449 0.729091 0.000010
0.000010 0.967073 0.000010 0.032907
0.021278 0.000010 0.949244 0.029468
0.023477 0.733567 0.225327 0.017629
