0.765584 0.213696 0.020720
0.918852 0.050618 0.030530
0.917291 0.082699 0.000010
0.760247 0.206296 0.033456
0.925921 0.033920 0.040159
0.835539 0.143042 0.021419
0.929596 0.041369 0.029035
0.950286 0.042295 0.007419
0.882528 0.081431 0.036041
0.904431 0.069172 0.026397
0.897802 0.079051 0.023147
0.863714 0.097675 0.038611
0.915411 0.035228 0.049361
0.924392 0.057147 0.018461
0.873561 0.109371 0.017068
0.874315 0.059831 0.065855
0.964616 0.016305 0.019079
0.943646 0.000010 0.056344
0.952204 0.032718 0.015077
0.981748 0.000010 0.018242
0.890217 0.078300 0.031483
0.958597 0.041393 0.000010
0.921615 0.065830 0.012555
0.901937 0.030628 0.067435
0.942993 0.004073 0.052933
0.963957 0.011334 0.024709
0.962281 0.019130 0.018589
0.956569 0.008741 0.034690
0.881254 0.068310 0.050436
0.889245 0.052753 0.058002
0.954555 0.019101 0.026344
0.929206 0.039896 0.030898
0.955973 0.016206 0.027820
0.939277 0.047587 0.013136
0.918026 0.025789 0.056185
0.999980 0.000010 0.000010
0.903856 0.052867 0.043277
0.939323 0.030401 0.030276
0.903465 0.087136 0.009399
0.938353 0.012252 0.049394
0.969761 0.016280 0.013959
0.027223 0.972767 0.000010
0.098907 0.901083 0.000010
0.124693 0.843834 0.031473
0.080619 0.919371 0.000010
0.885126 0.076824 0.038050
0.934216 0.055807 0.009978
0.965842 0.021591 0.012567
0.942314 0.038172 0.019514
0.958480 0.041510 0.000010
0.979991 0.005889 0.014120
0.944665 0.030245 0.025090
0.928321 0.036677 0.035002
0.987359 0.012631 0.000010
0.982766 0.010802 0.006432
0.954512 0.014516 0.030972
0.915289 0.025513 0.059198
0.944783 0.000010 0.055207
0.937262 0.009860 0.052878
0.947624 0.003801 0.048576
0.979832 0.000010 0.020158
0.875876 0.023458 0.100665
0.885890 0.000010 0.114100
0.820872 0.000010 0.179118
0.963485 0.002695 0.033820
0.966046 0.006355 0.027599
0.983410 0.016580 0.000010
0.962995 0.005200 0.031805
0.970103 0.000010 0.029887
0.964563 0.000010 0.035427
0.907013 0.007430 0.085557
0.991386 0.000010 0.008604
0.962227 0.004836 0.032938
0.978761 0.000010 0.021229
0.932762 0.000010 0.067228
0.975724 0.000010 0.024266
0.977121 0.005261 0.017618
0.985893 0.004515 0.009592
0.968052 0.019744 0.012204
0.916857 0.017607 0.065536
0.977555 0.000010 0.022435
0.956487 0.000010 0.043503
0.995401 0.000010 0.004589
0.359649 0.507808 0.132543
0.929519 0.045047 0.025434
0.864653 0.040057 0.095290
0.979586 0.000010 0.020404
0.961716 0.029922 0.008362
0.922541 0.000010 0.077449
0.992001 0.007989 0.000010
0.969510 0.000010 0.030480
0.934685 0.000010 0.065305
0.820676 0.049432 0.129892
0.824214 0.000010 0.175776
0.941192 0.000010 0.058798
0.968257 0.022301 0.009442
0.991769 0.008221 0.000010
0.963595 0.000010 0.036395
0.965043 0.028995 0.005962
0.922934 0.064637 0.012428
0.769155 0.198053 0.032793
0.897975 0.045626 0.056400
0.954641 0.000010 0.045349
0.968930 0.007095 0.023975
0.957033 0.009249 0.033718
0.957367 0.004562 0.038071
0.950843 0.016415 0.032741
0.985799 0.000010 0.014191
0.989448 0.000010 0.010542
0.986208 0.000010 0.013782
0.917607 0.067545 0.014848
0.932190 0.035924 0.031887
0.916380 0.013356 0.070264
0.936325 0.023145 0.040530
0.938008 0.061145 0.000847
0.888776 0.073189 0.038035
0.922494 0.077496 0.000010
0.883302 0.090101 0.026596
0.954726 0.009052 0.036222
0.937621 0.034270 0.028109
0.922981 0.038840 0.038179
0.984902 0.010167 0.004931
0.940838 0.024600 0.034562
0.952667 0.026920 0.020413
0.963867 0.036123 0.000010
0.917907 0.066223 0.015870
0.972062 0.000010 0.027928
0.911547 0.067643 0.020810
0.740146 0.000010 0.259844
0.492695 0.000010 0.507295
0.940655 0.047524 0.011821
0.884962 0.086416 0.028622
0.839546 0.099544 0.060911
0.920918 0.079072 0.000010
0.953953 0.014441 0.031606
0.944901 0.034295 0.020804
0.899063 0.053166 0.047772
0.882597 0.064908 0.052495
0.901526 0.068380 0.030094
0.882795 0.050639 0.066567
0.832261 0.137493 0.030246
0.931163 0.063812 0.005025
0.874993 0.100321 0.024686
0.873174 0.043863 0.082964
0.985150 0.002299 0.012550
0.932542 0.005755 0.061703
0.926122 0.000010 0.073868
0.950819 0.008751 0.040430
0.979805 0.000010 0.020185
0.995496 0.004494 0.000010
0.968817 0.000010 0.031173
0.971301 0.000010 0.028689
0.987618 0.000010 0.012372
0.548502 0.447406 0.004092
0.936962 0.023282 0.039757
0.987085 0.009956 0.002959
0.957761 0.034618 0.007621
0.957587 0.035916 0.006497
0.560838 0.439152 0.000010
0.462718 0.516707 0.020575
0.908714 0.038938 0.052348
0.392438 0.594020 0.013541
0.116426 0.883288 0.000286
0.010751 0.989239 0.000010
0.000010 0.999980 0.000010
0.134606 0.865384 0.000010
0.199527 0.766015 0.034458
0.128405 0.871585 0.000010
0.556462 0.384491 0.059047
0.201573 0.798376 0.000051
0.024435 0.975555 0.000010
0.280551 0.705427 0.014022
0.942974 0.043859 0.013167
0.883573 0.102151 0.014276
0.683001 0.303034 0.013966
0.971443 0.000010 0.028547
0.954446 0.016052 0.029502
0.960201 0.012085 0.027714
0.994332 0.000010 0.005658
0.999980 0.000010 0.000010
0.935128 0.030743 0.034129
0.808601 0.022915 0.168484
0.963885 0.006887 0.029227
0.951134 0.011079 0.037786
0.903245 0.011031 0.085724
0.953012 0.017276 0.029713
0.856628 0.038877 0.104496
0.880924 0.000010 0.119066
0.977037 0.000010 0.022953
0.963997 0.002045 0.033957
0.997486 0.000010 0.002504
0.970826 0.000010 0.029164
0.689789 0.000010 0.310201
0.000010 0.000010 0.999980
0.938207 0.021639 0.040155
0.969667 0.000010 0.030323
0.976894 0.003370 0.019736
0.962404 0.015777 0.021819
0.999980 0.000010 0.000010
0.973963 0.000010 0.026027
0.951023 0.009724 0.039253
0.999980 0.000010 0.000010
0.977907 0.003934 0.018160
0.971546 0.000010 0.028444
0.913903 0.000010 0.086087
0.998029 0.000010 0.001961
0.999980 0.000010 0.000010
0.906608 0.000010 0.093382
0.955798 0.000010 0.044192
0.882760 0.000010 0.117230
0.903308 0.000010 0.096682
0.907099 0.000010 0.092891
0.964549 0.000010 0.035441
0.965351 0.000010 0.034639
0.999980 0.000010 0.000010
0.999980 0.000010 0.000010
0.949043 0.024622 0.026335
0.999980 0.000010 0.000010
0.953418 0.000010 0.046572
0.949340 0.000010 0.050650
0.986541 0.000010 0.013449
0.941618 0.042039 0.016342
0.930961 0.013835 0.055203
0.970586 0.000010 0.029404
0.958494 0.000010 0.041496
0.993742 0.000010 0.006248
0.980230 0.000010 0.019760
0.968503 0.000010 0.031487
0.993976 0.000010 0.006014
0.949034 0.012567 0.038399
0.940373 0.000010 0.059617
0.999980 0.000010 0.000010
0.977014 0.000010 0.022976
0.981176 0.000010 0.018814
0.961333 0.000010 0.038657
0.967233 0.013470 0.019297
0.860648 0.131568 0.007784
0.941246 0.022679 0.036075
0.977338 0.000010 0.022652
0.967277 0.000010 0.032713
0.937671 0.013882 0.048448
0.957983 0.017580 0.024438
0.999980 0.000010 0.000010
0.878910 0.060804 0.060287
0.999980 0.000010 0.000010
0.987743 0.000010 0.012247
0.971962 0.000010 0.028028
0.948999 0.015075 0.035926
0.999980 0.000010 0.000010
0.919463 0.080527 0.000010
0.935214 0.024597 0.040188
0.901695 0.085320 0.012985
0.911575 0.088415 0.000010
0.971383 0.016410 0.012206
0.905668 0.075051 0.019282
0.869325 0.110557 0.020118
0.968069 0.031921 0.000010
0.911824 0.077489 0.010686
0.828946 0.133360 0.037694
0.730163 0.256189 0.013648
0.738471 0.208477 0.053052
0.509473 0.490517 0.000010
0.874371 0.101939 0.023690
0.878987 0.057091 0.063922
0.950767 0.000010 0.049223
0.960473 0.006277 0.033250
0.999153 0.000837 0.000010
0.980764 0.010894 0.008342
0.975977 0.000558 0.023465
0.986293 0.005434 0.008273
0.985095 0.006885 0.008021
0.000010 0.000010 0.999980
0.951201 0.004329 0.044470
0.983077 0.008789 0.008134
0.999980 0.000010 0.000010
0.933726 0.003013 0.063261
0.999980 0.000010 0.000010
0.984923 0.000010 0.015067
0.986459 0.000010 0.013531
0.981523 0.000010 0.018467
0.995260 0.004730 0.000010
0.868911 0.046437 0.084652
0.979955 0.009754 0.010292
0.976673 0.000010 0.023317
0.929957 0.000010 0.070033
0.977258 0.000010 0.022732
0.967351 0.008174 0.024475
0.066634 0.933356 0.000010
0.643270 0.356720 0.000010
0.214545 0.785445 0.000010
0.006421 0.993569 0.000010
0.466556 0.533434 0.000010
0.076941 0.923049 0.000010
0.971284 0.000010 0.028706
0.941552 0.037136 0.021312
0.941729 0.035777 0.022494
0.934589 0.021955 0.043456
