0.254565 0.230382 0.515053
0.237527 0.057940 0.704533
0.092302 0.102086 0.805611
0.102004 0.270928 0.627068
0.266122 0.164149 0.569730
0.120632 0.186192 0.693176
0.269314 0.161016 0.569671
0.260661 0.128865 0.610473
0.032646 0.100954 0.866399
0.147534 0.162299 0.690167
0.209462 0.196886 0.593652
0.146145 0.125463 0.728392
0.145473 0.195942 0.658585
0.081734 0.112025 0.806241
0.999980 0.000010 0.000010
0.227251 0.145822 0.626927
0.237695 0.069598 0.692707
0.225564 0.076819 0.697617
0.071945 0.105746 0.822310
0.155063 0.113215 0.731723
0.337964 0.113159 0.548877
0.227198 0.104386 0.668416
0.188828 0.084568 0.726604
0.122083 0.116325 0.761592
0.255742 0.109527 0.634731
0.268391 0.073058 0.658551
0.129361 0.120619 0.750020
0.197026 0.104201 0.698773
0.075774 0.172623 0.751602
0.238481 0.126694 0.634825
0.119615 0.094252 0.786133
0.224645 0.150090 0.625265
0.165709 0.092342 0.741948
0.166236 0.085761 0.748003
0.215136 0.065373 0.719491
0.176082 0.064465 0.759453
0.158187 0.102447 0.739366
0.207842 0.036084 0.756074
0.222411 0.095963 0.681627
0.082573 0.165708 0.751719
0.245510 0.127173 0.627317
0.000010 0.999980 0.000010
0.000010 0.999980 0.000010
0.033237 0.789161 0.177602
0.096816 0.903174 0.000010
0.287267 0.153555 0.559178
0.164783 0.112589 0.722628
0.236642 0.092763 0.670595
0.162599 0.108854 0.728547
0.248383 0.121571 0.630046
0.164429 0.100364 0.735206
0.196022 0.065818 0.738161
0.197329 0.130645 0.672026
0.217870 0.062925 0.719205
0.242578 0.001608 0.755814
0.069358 0.102369 0.828273
0.211097 0.057193 0.731710
0.182085 0.051491 0.766424
0.205298 0.043760 0.750942
0.196221 0.049544 0.754235
0.181211 0.000010 0.818779
0.549799 0.048609 0.401592
0.218060 0.081545 0.700396
0.288046 0.090767 0.621187
0.275999 0.072787 0.651215
0.289872 0.000010 0.710118
0.095450 0.070207 0.834343
0.317479 0.002240 0.680282
0.182304 0.023351 0.794345
0.156774 0.074456 0.768770
0.195189 0.066490 0.738321
0.249326 0.052753 0.697921
0.197297 0.062299 0.740404
0.208837 0.040829 0.750334
0.271441 0.029124 0.699435
0.158503 0.023660 0.817837
0.240873 0.000010 0.759117
0.269003 0.096863 0.634134
0.152127 0.047276 0.800596
0.201983 0.057745 0.740272
0.176980 0.000010 0.823010
0.160428 0.006324 0.833248
0.211834 0.066482 0.721685
0.144346 0.533641 0.322014
0.176283 0.046064 0.777653
0.220486 0.083241 0.696272
0.220391 0.053369 0.726240
0.156230 0.116512 0.727258
0.286714 0.021741 0.691545
0.232183 0.018956 0.748861
0.270931 0.074301 0.654768
0.264612 0.009725 0.725663
0.296541 0.074748 0.628711
0.489276 0.023371 0.487353
0.341802 0.000010 0.658188
0.194834 0.055820 0.749346
0.113498 0.047678 0.838824
0.263387 0.061082 0.675531
0.175277 0.120297 0.704426
0.151117 0.162536 0.686347
0.194731 0.162823 0.642446
0.121990 0.127826 0.750184
0.227530 0.066122 0.706348
0.136676 0.062467 0.800857
0.170802 0.057124 0.772074
0.110980 0.047637 0.841383
0.288678 0.047062 0.664260
0.258388 0.024007 0.717605
0.235666 0.000010 0.764324
0.162333 0.071469 0.766198
0.133644 0.099109 0.767246
0.214955 0.116927 0.668118
0.278458 0.082075 0.639467
0.166395 0.091149 0.742456
0.186769 0.118825 0.694406
0.197236 0.115626 0.687138
0.137088 0.118991 0.743921
0.248113 0.071390 0.680497
0.239580 0.117103 0.643317
0.190983 0.068954 0.740063
0.099269 0.096647 0.804085
0.082299 0.081827 0.835874
0.242287 0.099056 0.658656
0.196373 0.086233 0.717393
0.159137 0.092533 0.748331
0.171690 0.077063 0.751247
0.134562 0.080918 0.784520
0.140215 0.115790 0.743995
0.999980 0.000010 0.000010
0.999980 0.000010 0.000010
0.215838 0.137258 0.646903
0.218311 0.076555 0.705134
0.124240 0.093167 0.782593
0.161267 0.141091 0.697642
0.137506 0.143767 0.718727
0.121059 0.068724 0.810217
0.242760 0.101643 0.655597
0.111073 0.092956 0.795972
0.138178 0.159736 0.702086
0.103690 0.113518 0.782792
0.297653 0.205160 0.497187
0.272409 0.125855 0.601736
0.272734 0.068197 0.659069
0.140830 0.060621 0.798549
0.000010 0.030216 0.969774
0.141246 0.047286 0.811468
0.331972 0.058817 0.609212
0.204232 0.023750 0.772018
0.178388 0.045089 0.776523
0.353058 0.007845 0.639096
0.999980 0.000010 0.000010
0.120926 0.046875 0.832199
0.125011 0.126172 0.748818
0.065540 0.461459 0.473001
0.209031 0.079909 0.711060
0.125163 0.108600 0.766237
0.076106 0.096326 0.827568
0.238526 0.068731 0.692743
0.148893 0.470702 0.380404
0.137595 0.543529 0.318876
0.999980 0.000010 0.000010
0.128649 0.730692 0.140660
0.000012 0.999978 0.000010
0.000010 0.999980 0.000010
0.000010 0.999980 0.000010
0.000010 0.999980 0.000010
0.061819 0.770778 0.167403
0.000010 0.999980 0.000010
0.000010 0.541082 0.458908
0.000010 0.999980 0.000010
0.000010 0.999980 0.000010
0.221722 0.778268 0.000010
0.222771 0.100107 0.677122
0.115598 0.111434 0.772967
0.129087 0.321656 0.549257
0.217508 0.058780 0.723712
0.279717 0.043250 0.677033
0.999980 0.000010 0.000010
0.176353 0.014771 0.808876
0.196105 0.069336 0.734559
0.204704 0.023366 0.771930
0.289144 0.036788 0.674068
0.221604 0.104244 0.674152
0.999980 0.000010 0.000010
0.310971 0.000010 0.689019
0.154236 0.029969 0.815795
0.139165 0.055462 0.805373
0.327375 0.033365 0.639260
0.300019 0.000010 0.699971
0.191853 0.032674 0.775474
0.205543 0.002721 0.791736
0.146188 0.018815 0.834997
0.999980 0.000010 0.000010
0.999980 0.000010 0.000010
0.218718 0.102544 0.678738
0.000010 0.109836 0.890154
0.314869 0.025105 0.660026
0.199180 0.026471 0.774349
0.255772 0.033836 0.710392
0.214210 0.093648 0.692142
0.256342 0.065198 0.678459
0.190379 0.029649 0.779972
0.205692 0.000010 0.794298
0.312377 0.021154 0.666468
0.999980 0.000010 0.000010
0.149013 0.108054 0.742933
0.210815 0.094655 0.694530
0.161442 0.092030 0.746528
0.257703 0.043844 0.698453
0.355788 0.000010 0.644202
0.313459 0.041765 0.644777
0.352843 0.059067 0.588090
0.242326 0.029653 0.728021
0.266397 0.000010 0.733593
0.999980 0.000010 0.000010
0.275282 0.072617 0.652102
0.000010 0.033115 0.966875
0.223833 0.076143 0.700024
0.258414 0.066480 0.675106
0.240631 0.075135 0.684234
0.249426 0.025861 0.724713
0.297127 0.046753 0.656120
0.276937 0.000010 0.723053
0.199576 0.041284 0.759140
0.214612 0.062517 0.722871
0.079038 0.092053 0.828909
0.216141 0.055407 0.728451
0.189946 0.024248 0.785806
0.079441 0.053400 0.867159
0.152564 0.064334 0.783102
0.000010 0.044170 0.955820
0.137260 0.049065 0.813676
0.207019 0.069199 0.723783
0.153546 0.039446 0.807008
0.131314 0.071592 0.797094
0.172100 0.027345 0.800556
0.123391 0.215758 0.660851
0.162968 0.076676 0.760356
0.164026 0.048520 0.787454
0.366453 0.041699 0.591849
0.079116 0.047006 0.873878
0.121172 0.058924 0.819904
0.247827 0.033330 0.718843
0.153565 0.060850 0.785584
0.000010 0.016201 0.983789
0.097532 0.042197 0.860271
0.327763 0.000010 0.672227
0.235819 0.067874 0.696307
0.272138 0.038656 0.689206
0.294741 0.085011 0.620248
0.192446 0.131998 0.675556
0.214901 0.078047 0.707051
0.159487 0.074299 0.766214
0.254256 0.125735 0.620010
0.216935 0.175506 0.607559
0.128918 0.192165 0.678918
0.219993 0.065297 0.714710
0.132986 0.131777 0.735237
0.115954 0.154590 0.729456
0.174228 0.326769 0.499003
0.211045 0.228476 0.560479
0.216848 0.528888 0.254264
0.192542 0.218840 0.588618
0.276294 0.049047 0.674659
0.260276 0.017634 0.722090
0.248084 0.073680 0.678236
0.000010 0.060496 0.939494
0.205416 0.008764 0.785819
0.151559 0.061560 0.786880
0.198164 0.078811 0.723025
0.233951 0.040398 0.725650
0.999980 0.000010 0.000010
0.185395 0.036164 0.778442
0.154816 0.078619 0.766565
0.220582 0.035980 0.743438
0.234747 0.038051 0.727201
0.090957 0.024033 0.885010
0.221979 0.013420 0.764601
0.141566 0.051802 0.806632
0.169629 0.042246 0.788124
0.125590 0.087418 0.786991
0.185753 0.058666 0.755581
0.271895 0.047005 0.681100
0.181524 0.084894 0.733583
0.178401 0.100339 0.721260
0.129416 0.047476 0.823108
0.217297 0.054260 0.728444
0.000010 0.999980 0.000010
0.110850 0.457289 0.431861
0.000010 0.859061 0.140929
0.000010 0.999980 0.000010
0.000010 0.551830 0.448160
0.000010 0.999980 0.000010
0.224224 0.070043 0.705733
0.219142 0.120303 0.660554
0.190975 0.120133 0.688893
0.249898 0.026361 0.723742
