0.220362 0.668998 0.110620 0.000010 0.000010
0.006325 0.872420 0.121234 0.000010 0.000010
0.069153 0.559073 0.033920 0.000010 0.337843
0.253242 0.369647 0.000010 0.107247 0.269854
0.146994 0.480080 0.076513 0.153892 0.142522
0.167028 0.489406 0.000010 0.061722 0.281833
0.150153 0.429268 0.036979 0.185554 0.198046
0.110686 0.557289 0.038280 0.175213 0.118532
0.070679 0.574135 0.012253 0.011879 0.331054
0.146493 0.522831 0.012872 0.093392 0.224411
0.178617 0.483599 0.059432 0.072848 0.205504
0.097814 0.498761 0.047094 0.136856 0.219475
0.173662 0.476883 0.032159 0.016462 0.300834
0.079886 0.596563 0.000010 0.072401 0.251139
0.000010 0.000010 0.000010 0.999960 0.000010
0.124420 0.442326 0.053915 0.128246 0.251093
0.047115 0.584935 0.066116 0.100114 0.201720
0.054047 0.495038 0.070633 0.172847 0.207434
0.083340 0.635717 0.000010 0.000010 0.280923
0.093377 0.449446 0.000010 0.194142 0.263026
0.093779 0.338629 0.095749 0.167991 0.303853
0.084416 0.445500 0.035254 0.153671 0.281159
0.066013 0.482013 0.000010 0.130838 0.321126
0.092812 0.579932 0.028708 0.059666 0.238882
0.089319 0.332508 0.058134 0.187253 0.332785
0.053449 0.526690 0.049671 0.199099 0.171091
0.103331 0.619309 0.015389 0.092678 0.169294
0.081295 0.505291 0.054222 0.107001 0.252191
0.153110 0.678579 0.014550 0.000010 0.153750
0.104367 0.567839 0.063886 0.108068 0.155840
0.074286 0.526764 0.021656 0.035033 0.342261
0.135122 0.533371 0.061169 0.084440 0.185898
0.068620 0.482615 0.035742 0.078912 0.334111
0.073463 0.613095 0.016763 0.142575 0.154104
0.045845 0.553193 0.050777 0.151589 0.198595
0.049007 0.781472 0.005629 0.163881 0.000010
0.079521 0.543468 0.055029 0.080812 0.241171
0.015958 0.560897 0.045066 0.103514 0.274564
0.078066 0.621742 0.046681 0.171042 0.082469
0.138542 0.495845 0.000010 0.087818 0.277786
0.108361 0.391177 0.067958 0.185458 0.247046
0.999960 0.000010 0.000010 0.000010 0.000010
0.996799 0.000010 0.003171 0.000010 0.000010
0.794994 0.000010 0.000010 0.108488 0.096497
0.991701 0.000010 0.008269 0.000010 0.000010
0.138446 0.359152 0.067703 0.185853 0.248845
0.091981 0.480800 0.030524 0.086007 0.310688
0.072034 0.461104 0.070991 0.072481 0.323390
0.086263 0.496846 0.034139 0.081809 0.300942
0.108006 0.406264 0.040603 0.121275 0.323852
0.078772 0.437807 0.029596 0.055535 0.398291
0.048721 0.461579 0.035851 0.146283 0.307566
0.110605 0.515832 0.038726 0.069967 0.264870
0.047723 0.548097 0.006582 0.156273 0.241325
0.000010 0.543903 0.002182 0.195354 0.258551
0.069946 0.505286 0.012364 0.086194 0.326210
0.034684 0.558607 0.030338 0.149225 0.227146
0.035239 0.595454 0.033491 0.028116 0.307699
0.022514 0.526115 0.042405 0.097183 0.311784
0.023401 0.495520 0.054519 0.075717 0.350842
0.000010 0.610804 0.000010 0.159428 0.229748
0.000010 0.000010 0.002177 0.000010 0.997793
0.055214 0.438047 0.080759 0.160786 0.265195
0.062216 0.392653 0.147467 0.086491 0.311172
0.060303 0.516333 0.067138 0.022834 0.333392
0.000010 0.537439 0.040861 0.252446 0.169243
0.049160 0.652330 0.020778 0.097361 0.180370
0.000010 0.456034 0.107801 0.088136 0.348019
0.000010 0.515053 0.041331 0.089820 0.353786
0.046227 0.582374 0.054547 0.071566 0.245285
0.048672 0.516990 0.050856 0.085963 0.297519
0.036063 0.439540 0.011422 0.227272 0.285703
0.046339 0.550905 0.017344 0.096321 0.289091
0.021393 0.614091 0.022965 0.146404 0.195147
0.010567 0.529191 0.063859 0.111376 0.285007
0.000676 0.636340 0.009746 0.133685 0.219553
0.000010 0.410131 0.000010 0.251012 0.338837
0.076173 0.478881 0.061833 0.099773 0.283339
0.021042 0.720160 0.058689 0.085657 0.114452
0.044661 0.572458 0.031880 0.087036 0.263966
0.000010 0.991025 0.008945 0.000010 0.000010
0.000010 0.981311 0.018659 0.000010 0.000010
0.039703 0.479757 0.041744 0.216778 0.222018
0.548457 0.000010 0.012800 0.010891 0.427842
0.024890 0.582942 0.000213 0.137755 0.254199
0.056080 0.289258 0.006732 0.123832 0.524098
0.030143 0.416387 0.037843 0.183837 0.331790
0.093201 0.450459 0.008446 0.215579 0.232316
0.001937 0.493248 0.077019 0.094970 0.332825
0.000010 0.546067 0.000010 0.179907 0.274005
0.057858 0.472884 0.049773 0.228518 0.190966
0.000010 0.451728 0.075766 0.160728 0.311768
0.052903 0.276394 0.071388 0.120208 0.479106
0.000010 0.257562 0.328305 0.077784 0.336340
0.000010 0.000010 0.024109 0.000010 0.975861
0.038694 0.830858 0.014925 0.115513 0.000010
0.015183 0.690503 0.081207 0.000010 0.213097
0.046097 0.561105 0.062040 0.156104 0.174654
0.097660 0.480588 0.000010 0.134352 0.287390
0.148597 0.456363 0.010612 0.070633 0.313795
0.149363 0.486916 0.004902 0.167720 0.191099
0.101474 0.485968 0.010007 0.047923 0.354629
0.000010 0.000010 0.000010 0.000010 0.999960
0.030285 0.560792 0.024757 0.021055 0.363111
0.034045 0.523925 0.085448 0.000010 0.356572
0.027386 0.620508 0.003081 0.056309 0.292715
0.024455 0.437445 0.066465 0.102531 0.369105
0.005801 0.524954 0.030277 0.179071 0.259897
0.000010 0.588992 0.043650 0.146090 0.221258
0.042135 0.506143 0.064930 0.150596 0.236197
0.077895 0.505130 0.020268 0.096786 0.299921
0.097284 0.443796 0.010392 0.200376 0.248153
0.065350 0.411854 0.058102 0.149274 0.315421
0.065131 0.568503 0.055672 0.000010 0.310684
0.102311 0.453940 0.024907 0.089549 0.329292
0.096641 0.626335 0.056754 0.149190 0.071080
0.096096 0.528284 0.050276 0.088389 0.236955
0.052551 0.686124 0.101219 0.058230 0.101876
0.100104 0.473854 0.036101 0.211044 0.178897
0.055480 0.621076 0.054078 0.167700 0.101666
0.062308 0.675255 0.000010 0.000010 0.262417
0.050628 0.528150 0.030198 0.054946 0.336079
0.073627 0.360302 0.064485 0.163063 0.338523
0.067281 0.501071 0.023612 0.095692 0.312345
0.070024 0.500837 0.035585 0.096654 0.296901
0.073990 0.845565 0.080425 0.000010 0.000010
0.052095 0.491167 0.003909 0.116878 0.335950
0.093774 0.498208 0.011142 0.093554 0.303322
0.000010 0.000010 0.999960 0.000010 0.000010
0.000010 0.000010 0.999960 0.000010 0.000010
0.119205 0.454273 0.064448 0.066623 0.295451
0.051202 0.576449 0.063373 0.052522 0.256454
0.064059 0.228464 0.002026 0.000010 0.705441
0.122535 0.573930 0.039492 0.129207 0.134836
0.125177 0.499738 0.005094 0.114347 0.255644
0.037096 0.758565 0.030626 0.077036 0.096677
0.081979 0.548003 0.035195 0.140395 0.194428
0.000010 0.000010 0.000010 0.000010 0.999960
0.134084 0.403316 0.029683 0.055611 0.377306
0.017785 0.000010 0.000010 0.000010 0.982185
0.192231 0.472324 0.074142 0.095429 0.165874
0.117624 0.533523 0.042095 0.164687 0.142071
0.051011 0.404923 0.090608 0.158472 0.294986
0.000010 0.000010 0.000010 0.999960 0.000010
0.000010 0.999960 0.000010 0.000010 0.000010
0.022789 0.646380 0.040042 0.123696 0.167092
0.042482 0.357933 0.050770 0.263963 0.284852
0.000010 0.478421 0.028488 0.000010 0.493070
0.020205 0.497943 0.035372 0.053771 0.392709
0.000010 0.608583 0.077694 0.313704 0.000010
0.000010 0.000010 0.000010 0.999960 0.000010
0.027382 0.643321 0.007498 0.000010 0.321789
0.107739 0.598538 0.003934 0.033183 0.256607
0.434098 0.338950 0.042829 0.000010 0.184112
0.064721 0.528058 0.000010 0.129897 0.277315
0.092775 0.654141 0.032497 0.030052 0.190535
0.070894 0.631084 0.026608 0.003056 0.268357
0.044105 0.464893 0.062325 0.046170 0.382506
0.454067 0.349336 0.068968 0.007064 0.120564
0.549540 0.164617 0.015088 0.019415 0.251341
0.000010 0.000010 0.000010 0.000010 0.999960
0.738059 0.000010 0.016204 0.000010 0.245717
0.999960 0.000010 0.000010 0.000010 0.000010
0.999960 0.000010 0.000010 0.000010 0.000010
0.999960 0.000010 0.000010 0.000010 0.000010
0.999960 0.000010 0.000010 0.000010 0.000010
0.798183 0.015433 0.024140 0.162234 0.000010
0.999960 0.000010 0.000010 0.000010 0.000010
0.517890 0.454117 0.027973 0.000010 0.000010
0.883711 0.000010 0.116259 0.000010 0.000010
0.999960 0.000010 0.000010 0.000010 0.000010
0.737357 0.000010 0.000010 0.121369 0.141255
0.076337 0.464010 0.038503 0.139321 0.281829
0.079538 0.713654 0.067441 0.023454 0.115912
0.305208 0.359453 0.035607 0.057585 0.242148
0.037330 0.497536 0.023486 0.123263 0.318385
0.012375 0.416444 0.018263 0.255737 0.297181
0.000010 0.000010 0.000010 0.999960 0.000010
0.000010 0.554088 0.000919 0.139306 0.305677
0.046137 0.556851 0.041539 0.165167 0.190306
0.000010 0.000010 0.051356 0.000010 0.948614
0.017294 0.106619 0.042347 0.172352 0.661388
0.081852 0.571302 0.078162 0.176601 0.092084
0.000010 0.000010 0.000010 0.999960 0.000010
0.000010 0.000010 0.032999 0.222979 0.744002
0.000010 0.000010 0.000010 0.000010 0.999960
0.000010 0.000010 0.000010 0.000010 0.999960
0.000010 0.259169 0.101437 0.137929 0.501454
0.000010 0.515665 0.053859 0.112089 0.318378
0.010663 0.614367 0.046764 0.127712 0.200494
0.000010 0.615667 0.037554 0.165128 0.181642
0.000010 0.585350 0.000010 0.128530 0.286100
0.000010 0.000010 0.000010 0.999960 0.000010
0.000010 0.000010 0.999960 0.000010 0.000010
0.082276 0.558407 0.099015 0.041531 0.218771
0.083206 0.527108 0.007860 0.000010 0.381816
0.000010 0.380631 0.187091 0.000010 0.432258
0.003944 0.562126 0.047570 0.128414 0.257946
0.004064 0.382482 0.046567 0.178086 0.388801
0.079166 0.484470 0.027348 0.184945 0.224071
0.042529 0.402195 0.062639 0.157481 0.335156
0.007884 0.551694 0.020204 0.092952 0.327265
0.000010 0.545046 0.000010 0.131661 0.323273
0.011373 0.488649 0.053009 0.164640 0.282328
0.000010 0.000010 0.000010 0.999960 0.000010
0.084739 0.476507 0.015320 0.105653 0.317781
0.082658 0.580978 0.021090 0.071259 0.244015
0.064409 0.607454 0.064719 0.048303 0.215115
0.015848 0.382386 0.077906 0.161177 0.362683
0.000010 0.000010 0.083897 0.916073 0.000010
0.016881 0.357337 0.097594 0.186632 0.341555
0.035430 0.325363 0.115860 0.276335 0.247012
0.010011 0.481501 0.057793 0.106076 0.344620
0.000010 0.424397 0.042608 0.193607 0.339378
0.000010 0.938344 0.061626 0.000010 0.000010
0.062154 0.667089 0.035797 0.100506 0.134454
0.000010 0.000010 0.000010 0.000010 0.999960
0.054390 0.613768 0.064246 0.107197 0.160399
0.046783 0.482190 0.062722 0.189843 0.218463
0.056781 0.569460 0.035788 0.139325 0.198647
0.000010 0.498528 0.076641 0.187899 0.236922
0.028058 0.513615 0.115051 0.105953 0.237323
0.000010 0.491974 0.066793 0.144121 0.297102
0.015570 0.538983 0.086617 0.026988 0.331843
0.032601 0.496788 0.058616 0.132875 0.279120
0.068607 0.931363 0.000010 0.000010 0.000010
0.035575 0.459736 0.043421 0.083301 0.377967
0.000018 0.611281 0.088765 0.043234 0.256701
0.019927 0.550192 0.021665 0.000010 0.408206
0.039062 0.526369 0.036177 0.072538 0.325855
0.001212 0.730275 0.002310 0.156227 0.109976
0.028343 0.883279 0.000010 0.088358 0.000010
0.041010 0.553750 0.085234 0.147955 0.172051
0.000010 0.999960 0.000010 0.000010 0.000010
0.041673 0.621077 0.038719 0.087051 0.211480
0.010054 0.623658 0.000010 0.124570 0.241707
0.195835 0.459836 0.025347 0.063203 0.255778
0.049862 0.563075 0.053922 0.000010 0.333132
0.022395 0.641375 0.036296 0.000010 0.299924
0.030919 0.440499 0.021667 0.351753 0.155162
0.011626 0.706701 0.031187 0.031102 0.219383
0.032504 0.533395 0.054986 0.000010 0.379105
0.018629 0.511730 0.001643 0.210305 0.257693
0.033762 0.600075 0.068232 0.089697 0.208234
0.000010 0.000010 0.000010 0.000010 0.999960
0.013141 0.588635 0.018595 0.116463 0.263166
0.000010 0.449511 0.053286 0.197658 0.299535
0.037895 0.740036 0.039370 0.182690 0.000010
0.000010 0.976238 0.023732 0.000010 0.000010
0.068288 0.435256 0.070635 0.149177 0.276645
0.108871 0.418766 0.061093 0.098643 0.312627
0.055144 0.490059 0.074858 0.120393 0.259546
0.054779 0.620783 0.016698 0.000010 0.307731
0.108548 0.421390 0.051957 0.089847 0.328258
0.000010 0.000010 0.000010 0.999960 0.000010
0.173853 0.522818 0.036110 0.070549 0.196670
0.047003 0.578465 0.038318 0.108031 0.228182
0.109050 0.492490 0.030524 0.063410 0.304526
0.135561 0.602345 0.028942 0.106013 0.127139
0.309142 0.315541 0.032069 0.118067 0.225181
0.208455 0.411872 0.054629 0.109532 0.215512
0.489937 0.441011 0.069032 0.000010 0.000010
0.202784 0.394924 0.019086 0.074647 0.308558
0.027803 0.461277 0.068439 0.188790 0.253692
0.000010 0.524033 0.068488 0.062761 0.344707
0.063573 0.488099 0.000489 0.146918 0.300921
0.026791 0.783154 0.030322 0.000010 0.159723
0.000010 0.617701 0.060524 0.066556 0.255209
0.029694 0.323691 0.000010 0.201823 0.444782
0.058292 0.612886 0.036874 0.071751 0.220196
0.016006 0.491751 0.076803 0.213178 0.202262
0.000010 0.000018 0.999952 0.000010 0.000010
0.013230 0.551179 0.031796 0.110162 0.293633
0.055234 0.616439 0.030181 0.000010 0.298136
0.010143 0.551691 0.068960 0.097483 0.271723
0.026585 0.436042 0.016202 0.230275 0.290896
0.000010 0.555443 0.000010 0.113686 0.330852
0.000010 0.542759 0.034177 0.138837 0.284217
0.025272 0.558041 0.028068 0.000010 0.388609
0.013354 0.519137 0.061105 0.000010 0.406393
0.059166 0.375449 0.007233 0.137190 0.420963
0.040653 0.524784 0.056307 0.000010 0.378247
0.027568 0.565774 0.054472 0.122894 0.229292
0.061030 0.596030 0.041990 0.145285 0.155666
0.084628 0.408481 0.021309 0.112241 0.373341
0.017516 0.549834 0.022257 0.092089 0.318304
0.032365 0.403456 0.063824 0.093858 0.406498
0.999960 0.000010 0.000010 0.000010 0.000010
0.445333 0.367090 0.050434 0.012945 0.124199
0.819990 0.000010 0.000010 0.179980 0.000010
0.999960 0.000010 0.000010 0.000010 0.000010
0.533052 0.400403 0.000010 0.000010 0.066525
0.999960 0.000010 0.000010 0.000010 0.000010
0.055837 0.436376 0.040890 0.066450 0.400447
0.102969 0.414127 0.034124 0.160693 0.288088
0.099751 0.529851 0.047226 0.061587 0.261585
0.007323 0.470012 0.015191 0.145419 0.362056
