0.070045 0.000010 0.715729 0.214215
0.157193 0.426345 0.377076 0.039387
0.044739 0.427242 0.447470 0.080549
0.001044 0.340403 0.399173 0.259381
0.068634 0.308491 0.471826 0.151049
0.009945 0.381255 0.437444 0.171356
0.051032 0.451582 0.344077 0.153309
0.070777 0.310428 0.505669 0.113126
0.036930 0.380198 0.504881 0.077991
0.006007 0.381271 0.462566 0.150156
0.080242 0.344789 0.395281 0.179688
0.055329 0.434158 0.401557 0.108956
0.026623 0.371700 0.422662 0.179015
0.008657 0.481015 0.424055 0.086273
0.070723 0.468492 0.363373 0.097412
0.080546 0.498251 0.290098 0.131105
0.067292 0.338929 0.544629 0.049151
0.088331 0.351225 0.505280 0.055165
0.009061 0.927690 0.000010 0.063238
0.012348 0.430069 0.460431 0.097152
0.121840 0.490516 0.276635 0.111009
0.030700 0.506272 0.368014 0.095014
0.000010 0.474338 0.449791 0.075861
0.042504 0.339072 0.524962 0.093463
0.064392 0.451586 0.381474 0.102547
0.047485 0.464032 0.423798 0.064684
0.004494 0.398885 0.487976 0.108645
0.069659 0.422040 0.420892 0.087409
0.044450 0.377393 0.435927 0.142229
0.075034 0.492525 0.318296 0.114145
0.060792 0.539769 0.319708 0.079731
0.076763 0.288211 0.505355 0.129671
0.047517 0.557516 0.318092 0.076876
0.033882 0.349238 0.550391 0.066489
0.082757 0.413871 0.456880 0.046492
0.038835 0.387148 0.530208 0.043808
0.082220 0.362174 0.476816 0.078790
0.052359 0.472701 0.451679 0.023262
0.053146 0.347301 0.517802 0.081752
0.000010 0.402257 0.453840 0.143893
0.999970 0.000010 0.000010 0.000010
0.000010 0.000010 0.000010 0.999970
0.000010 0.000010 0.000010 0.999970
0.000010 0.107139 0.117344 0.775508
0.000010 0.000010 0.064483 0.935497
0.093829 0.424617 0.342220 0.139334
0.051978 0.427935 0.429113 0.090974
0.059257 0.456361 0.400382 0.084001
0.069683 0.483220 0.358590 0.088508
0.072305 0.462771 0.350851 0.114074
0.050074 0.490934 0.368089 0.090902
0.056607 0.444006 0.445738 0.053649
0.062614 0.439131 0.377507 0.120749
0.011921 0.485864 0.446835 0.055380
0.005366 0.486369 0.508255 0.000010
0.062689 0.487526 0.381477 0.068308
0.047506 0.452839 0.458387 0.041268
0.050282 0.485276 0.429045 0.035397
0.056103 0.443858 0.470860 0.029179
0.075839 0.453399 0.439484 0.031278
0.000010 0.999970 0.000010 0.000010
0.095913 0.694908 0.139165 0.070015
0.123263 0.512002 0.299244 0.065492
0.192759 0.353081 0.384555 0.069606
0.104254 0.422903 0.412285 0.060558
0.038805 0.479497 0.481688 0.000010
0.039948 0.397789 0.510160 0.052103
0.160403 0.464884 0.374703 0.000010
0.054403 0.518497 0.414743 0.012357
0.055523 0.496888 0.388502 0.059088
0.060395 0.448457 0.439199 0.051948
0.027386 0.512091 0.408482 0.052041
0.040424 0.473112 0.434550 0.051914
0.053197 0.500263 0.415576 0.030964
0.042214 0.474381 0.453242 0.030162
0.000010 0.435193 0.555686 0.009111
0.000010 0.576879 0.423101 0.000010
0.081811 0.404865 0.423959 0.089366
0.064694 0.383256 0.530630 0.021420
0.041191 0.462090 0.449035 0.047684
0.023228 0.315739 0.661023 0.000010
0.015391 0.336144 0.648456 0.000010
0.047474 0.427808 0.472542 0.052175
0.017441 0.423601 0.000010 0.558948
0.024759 0.413092 0.532364 0.029785
0.029561 0.625836 0.265190 0.079413
0.053334 0.485582 0.414806 0.046278
0.033570 0.471440 0.398941 0.096050
0.110565 0.398031 0.486928 0.004476
0.001379 0.522250 0.461309 0.015062
0.072571 0.502231 0.359628 0.065571
0.087994 0.473633 0.438363 0.000010
0.108723 0.583734 0.242175 0.065368
0.356548 0.417801 0.225641 0.000010
0.000010 0.000010 0.999970 0.000010
0.000010 0.000010 0.999970 0.000010
0.102209 0.385022 0.502009 0.010760
0.100856 0.449611 0.399680 0.049853
0.003075 0.503396 0.385789 0.107740
0.021626 0.505974 0.318274 0.154126
0.000010 0.362321 0.484351 0.153319
0.017541 0.477220 0.396459 0.108780
0.000010 0.000010 0.999970 0.000010
0.040110 0.420856 0.496050 0.042985
0.108771 0.425161 0.432924 0.033144
0.011553 0.432370 0.526867 0.029210
0.107797 0.396212 0.469084 0.026907
0.038848 0.446165 0.507139 0.007848
0.048103 0.465851 0.486036 0.000010
0.095355 0.454610 0.396482 0.053553
0.058720 0.431676 0.429405 0.080198
0.028347 0.534568 0.326002 0.111083
0.096359 0.455343 0.373953 0.074345
0.065914 0.460183 0.397986 0.075917
0.069754 0.464848 0.356731 0.108668
0.054994 0.315312 0.534855 0.094838
0.080853 0.356093 0.467063 0.095991
0.102615 0.420620 0.424561 0.052204
0.045274 0.422789 0.425892 0.106045
0.042838 0.343467 0.560272 0.053423
0.000010 0.380809 0.539657 0.079524
0.043450 0.460117 0.440495 0.055939
0.099923 0.377232 0.439136 0.083710
0.037535 0.546143 0.336484 0.079839
0.036184 0.376131 0.515892 0.071794
0.099878 0.347005 0.497262 0.055856
0.018008 0.369991 0.554394 0.057608
0.036055 0.457148 0.406106 0.100692
0.999970 0.000010 0.000010 0.000010
0.999970 0.000010 0.000010 0.000010
0.098231 0.328731 0.455420 0.117618
0.072771 0.390218 0.479541 0.057470
0.041555 0.686420 0.192465 0.079560
0.053809 0.349039 0.473792 0.123360
0.016228 0.443538 0.409029 0.131204
0.017909 0.358384 0.582002 0.041705
0.031436 0.364554 0.516508 0.087502
0.004039 0.768078 0.148875 0.079008
0.066097 0.471907 0.319918 0.142079
0.027037 0.881743 0.000010 0.091210
0.113119 0.274727 0.428260 0.183894
0.030562 0.351039 0.496449 0.121950
0.141264 0.457122 0.346247 0.055368
0.000010 0.000010 0.999970 0.000010
0.000010 0.999970 0.000010 0.000010
0.045747 0.659233 0.267193 0.027826
0.084928 0.543640 0.315658 0.055774
0.044422 0.517195 0.424636 0.013746
0.053636 0.396983 0.526511 0.022870
0.000010 0.000010 0.999970 0.000010
0.000010 0.000010 0.999970 0.000010
0.000010 0.434307 0.543053 0.022629
0.016388 0.324893 0.555700 0.103019
0.050018 0.224861 0.293218 0.431903
0.014847 0.512154 0.396320 0.076679
0.040294 0.402796 0.465401 0.091509
0.055088 0.375503 0.504975 0.064434
0.089333 0.492081 0.364111 0.054475
0.108230 0.013630 0.432365 0.445776
0.011573 0.257429 0.187121 0.543877
0.146231 0.796271 0.000010 0.057488
0.000010 0.258783 0.000010 0.741197
0.000010 0.000010 0.000010 0.999970
0.000010 0.000010 0.000010 0.999970
0.000010 0.000010 0.000010 0.999970
0.000010 0.000010 0.000010 0.999970
0.005906 0.000010 0.218802 0.775282
0.000010 0.000010 0.000010 0.999970
0.006029 0.000010 0.489305 0.504656
0.137686 0.000010 0.000010 0.862294
0.000010 0.000010 0.000010 0.999970
0.000010 0.000010 0.225362 0.774618
0.045854 0.438764 0.428107 0.087274
0.067308 0.347276 0.497534 0.087882
0.067285 0.437661 0.183035 0.312019
0.026913 0.414786 0.515286 0.043015
0.065176 0.538064 0.364693 0.032067
0.000010 0.850869 0.000010 0.149111
0.011612 0.505591 0.482787 0.000010
0.074207 0.459370 0.416093 0.050330
0.109924 0.616813 0.272249 0.001014
0.072283 0.745641 0.144125 0.037952
0.091350 0.407419 0.412227 0.089003
0.073688 0.926292 0.000010 0.000010
0.082283 0.917697 0.000010 0.000010
0.000010 0.999970 0.000010 0.000010
0.000010 0.985203 0.000010 0.014777
0.142350 0.573622 0.259126 0.024902
0.068404 0.462668 0.468918 0.000010
0.070632 0.427273 0.481595 0.020500
0.033449 0.444425 0.522116 0.000010
0.001529 0.529302 0.463240 0.005929
0.000010 0.999970 0.000010 0.000010
0.999970 0.000010 0.000010 0.000010
0.140948 0.315258 0.466269 0.077525
0.028518 0.439345 0.434470 0.097668
0.265480 0.435237 0.297709 0.001574
0.053591 0.467108 0.466799 0.012502
0.079034 0.492689 0.412301 0.015976
0.033629 0.491896 0.388300 0.086175
0.078972 0.478065 0.387143 0.055820
0.039508 0.535972 0.402551 0.021970
0.000010 0.534664 0.465316 0.000010
0.083137 0.398387 0.497544 0.020931
0.000010 0.999970 0.000010 0.000010
0.038756 0.433059 0.439020 0.089166
0.020792 0.308775 0.586545 0.083888
0.082656 0.350970 0.502934 0.063440
0.100591 0.546610 0.324777 0.028021
0.213833 0.786147 0.000010 0.000010
0.115800 0.495937 0.351635 0.036628
0.158244 0.427389 0.368813 0.045554
0.069604 0.446422 0.467086 0.016888
0.093663 0.517797 0.388530 0.000010
0.000010 0.000010 0.999970 0.000010
0.000010 0.000010 0.987052 0.012928
0.000010 0.559269 0.432757 0.007964
0.083497 0.402768 0.454840 0.058895
0.098102 0.500734 0.348705 0.052460
0.070418 0.439612 0.428499 0.061471
0.090118 0.377445 0.524167 0.008270
0.149658 0.341648 0.487031 0.021663
0.095146 0.481974 0.422870 0.000010
0.132949 0.479832 0.363627 0.023592
0.091617 0.413131 0.457457 0.037796
0.000010 0.281266 0.647530 0.071194
0.064977 0.522973 0.366501 0.045549
0.132585 0.439638 0.421072 0.006706
0.026407 0.568771 0.365285 0.039536
0.051731 0.436851 0.466483 0.044934
0.018737 0.455163 0.505024 0.021075
0.003386 0.396367 0.573574 0.026673
0.098947 0.356447 0.499641 0.044965
0.000010 0.000010 0.999970 0.000010
0.047317 0.364951 0.542116 0.045616
0.009275 0.453109 0.523787 0.013830
0.035516 0.406922 0.355230 0.202333
0.064638 0.431329 0.444794 0.059238
0.024635 0.417500 0.528927 0.028937
0.027684 0.572956 0.355731 0.043629
0.034611 0.436731 0.505401 0.023257
0.064785 0.430122 0.465214 0.039880
0.023043 0.498430 0.451845 0.026682
0.083325 0.436291 0.442565 0.037818
0.000010 0.999970 0.000010 0.000010
0.030935 0.457705 0.494371 0.016989
0.092007 0.479970 0.428013 0.000010
0.070106 0.351416 0.531393 0.047085
0.000010 0.000010 0.999970 0.000010
0.086445 0.443546 0.392561 0.077448
0.081528 0.426737 0.374640 0.117095
0.108899 0.423537 0.410983 0.056581
0.024230 0.340680 0.569597 0.065492
0.077005 0.416478 0.394040 0.112478
0.000010 0.408524 0.425963 0.165503
0.051396 0.324153 0.455115 0.169337
0.067196 0.415688 0.466037 0.051079
0.037790 0.446197 0.404108 0.111905
0.030464 0.361147 0.472238 0.136151
0.062445 0.279776 0.346447 0.311333
0.048965 0.338818 0.392395 0.219822
0.000010 0.000010 0.514282 0.485698
0.028771 0.397995 0.364955 0.208280
0.113541 0.462149 0.388950 0.035360
0.079746 0.506469 0.406139 0.007646
0.009240 0.448406 0.468988 0.073366
0.062233 0.443299 0.458322 0.036146
0.084594 0.430152 0.485244 0.000010
0.008088 0.611952 0.328843 0.051117
0.049804 0.462188 0.417438 0.070569
0.066291 0.450238 0.456180 0.027291
0.999970 0.000010 0.000010 0.000010
0.045343 0.454779 0.481532 0.018347
0.009092 0.353995 0.575340 0.061572
0.125213 0.384164 0.484163 0.006461
0.030420 0.480790 0.460146 0.028644
0.014393 0.599453 0.377604 0.008550
0.042914 0.397205 0.559871 0.000010
0.023472 0.465333 0.476027 0.035168
0.089587 0.475452 0.410427 0.024535
0.061105 0.486603 0.381500 0.070792
0.060702 0.424768 0.470412 0.044118
0.089446 0.446524 0.433909 0.030122
0.059245 0.424217 0.453389 0.063149
0.044357 0.524066 0.342536 0.089041
0.019237 0.446267 0.509791 0.024705
0.082469 0.394626 0.486679 0.036226
0.000010 0.000010 0.000010 0.999970
0.051634 0.125918 0.397942 0.424506
0.000010 0.174365 0.000010 0.825615
0.000010 0.000010 0.000010 0.999970
0.000010 0.144252 0.342991 0.512747
0.000010 0.000010 0.000010 0.999970
0.054578 0.475202 0.410325 0.059896
0.054262 0.423774 0.412194 0.109770
0.063560 0.377118 0.453485 0.105836
0.023931 0.567684 0.391450 0.016935
